time,current,voltage,temperature
0.0,0.0006388864749157022,3.693213807973962,27.004373033261828
2.4689999999999976,-3.784466502357455,3.3519051164645437,27.00363937769836
5.062999999999999,1.509689434203822,3.8103635116371333,27.012512249450648
7.547000000000001,1.5099959665706149,3.8213599833251073,27.022350448613263
10.031000000000002,1.5087166303486224,3.82796362380626,27.031077250572356
12.562999999999999,1.50713331179226,3.832791267835653,27.03923333460713
15.078,1.51122709363296,3.8367717757668975,27.05003300245399
17.608999999999998,1.5094432709925873,3.8401307145591295,27.046199811761333
20.124999999999996,1.5109757221423574,3.8431291243415733,27.046670856556368
22.593999999999998,1.5104351930545588,3.8458368258767863,27.044234550549398
25.078,1.5111574938282473,3.8482637022671065,27.034152223099298
27.531000000000002,1.5130607702728032,3.850680058322857,27.037598460367974
29.999999999999996,1.5106202047648265,3.852672039768001,27.0320296648365
32.516000000000005,1.5110691677469146,3.854815052358791,27.02935945636212
35.016,1.50911500476756,3.857188385258201,27.02363476747927
37.547,1.5098552983692874,3.8586184743805974,27.019922620983372
40.063,1.5102450122167277,3.8609015701071874,27.018343036188934
42.594,1.511130177032117,3.8623965557085183,27.015786737152236
45.108999999999995,1.5107376449896504,3.8642820452013185,27.014708516364166
47.594,1.5082451318672696,3.865888754508499,27.00789835224715
50.063,1.5105667517628982,3.8676329958997715,26.998989656627558
52.531,1.5106638131739774,3.8692138721902762,26.99514204515161
55.0,1.5113244573062592,3.870640846244339,26.993976954679137
57.483999999999995,1.511755751380227,3.8719483519279305,26.995599099341625
60.0,1.5104229836342389,3.873695267999405,26.99333486030871
62.516,1.5081685802901568,3.87523015678399,26.98764503005554
65.01599999999999,1.5085739530794802,3.8765672415329826,26.98788630869554
67.484,1.5091414330991286,3.878018745311213,26.98767674296984
69.953,1.5111685247965445,3.8793765600165115,26.98227157134419
72.406,1.5102553168235606,3.880820473697364,26.972400792140174
74.938,1.5093928214205674,3.882053393121904,26.97848081688552
77.453,1.5083905690942125,3.8836807128871746,26.97431761604713
79.984,1.5114403088958235,3.8850281619978726,26.971370492554772
82.531,1.5101518069050124,3.8862688374735,26.97195289049999
85.047,1.5100387010960166,3.887267469233757,26.96917375584914
87.578,1.5112047415073837,3.8889520040858687,26.963974311158466
90.094,1.5095036578551748,3.8899151343995273,26.957549235429365
92.625,1.5082333771880354,3.8910458070461966,26.949768167668466
95.172,1.512151060302812,3.8922523778282416,26.947420602856752
97.64099999999999,1.513706019003909,3.8931769525764675,26.941376539798334
100.125,1.5112494386887236,3.894733556373669,26.947161138207164
102.578,1.50971296751641,3.8958795024175603,26.941384262785817
105.047,1.5067239053479404,3.896879470913899,26.938225174245297
107.531,1.508746611329471,3.8981009816439904,26.93921133680748
110.047,1.5098280552748158,3.899327719029839,26.94238797178263
112.578,1.509738085055455,3.90032615009932,26.93299743119226
115.094,1.5079808858564452,3.9014111903801205,26.928662053028443
117.688,1.51007499308203,3.9026215861657048,26.942184435000648
120.203,1.5104431404274343,3.9035009686090394,26.9348866728139
122.719,1.5088661461085509,3.904679660310969,26.9359645191852
125.25,1.5106325691164988,3.905449538246764,26.93022853347832
127.766,1.5122486177929504,3.9066133448614955,26.92668562804582
130.297,1.5109032701616831,3.9075577129033756,26.928541833201013
132.813,1.5075579690282168,3.9085599685012102,26.910064124437554
135.344,1.5090926089491958,3.909837507485663,26.912777888804364
137.859,1.5127558992314136,3.9106046948678324,26.91020345099624
140.375,1.5095707485429664,3.9115313068237745,26.909928857462855
142.906,1.508634094653749,3.912529552909707,26.90939427277725
145.422,1.510141503776228,3.9132326228831653,26.91219813331969
147.984,1.5086042686886785,3.914444987171386,26.90859471754298
150.5,1.5082290642425222,3.9151892050011874,26.903280293185546
153.031,1.5078326015385954,3.9162493184524854,26.903654781111403
155.547,1.510771215671644,3.9168788814713578,26.90838012670547
158.078,1.5107477995586907,3.9178898429282154,26.90570216060724
160.594,1.5104674967443903,3.9189803215503574,26.897933429413627
163.125,1.5124897484553854,3.9198635847665857,26.89605144026236
165.641,1.5101848405284937,3.9204778995177163,26.89895549387232
168.156,1.5112351883536077,3.921337094963943,26.899297460120827
170.688,1.5084455805243528,3.9224909603523597,26.89965422102515
173.203,1.5110098202922047,3.9232209275867587,26.896854078190838
175.734,1.5109342110885895,3.9240526731802956,26.903666532423593
178.188,1.5112515017858124,3.9247701798845327,26.906302266969885
180.672,1.5100537401394907,3.925628744384663,26.896263591469953
183.141,1.5118282281644464,3.92635848788834,26.894304717056443
185.609,1.5127168472610464,3.9269690813922864,26.894051183492845
188.094,1.5118331099371138,3.927604338821613,26.896660396103204
190.609,1.509142556128916,3.928549168846747,26.89574423718962
193.141,1.5100652969643742,3.929319411260406,26.894396857261444
195.656,1.5137608562872265,3.9302581742689826,26.89651575628477
198.172,1.5125179696641722,3.931145468333986,26.904953004769798
200.703,1.5100837276669499,3.9314102953333925,26.904839550535073
203.219,1.508924989151808,3.932374625165926,26.90172324619304
205.75,1.5111602996615827,3.9329030532473364,26.908221432114136
208.297,1.5090051987070672,3.933846774998125,26.90546828249538
210.828,1.5101388443209254,3.9341265418027103,26.898874342241744
213.406,1.5136022031309049,3.934943912338808,26.89839285455526
215.875,1.510616788120031,3.9356173107516104,26.89481044276136
218.359,1.509233764588396,3.9364111722605273,26.901715993343906
220.813,1.5121272667458783,3.9368534083546156,26.896439910400034
223.281,1.5085887724652312,3.937769776376833,26.897793519734307
225.766,1.5088116158426406,3.9381791608790246,26.899320788028646
228.297,1.5083523176838487,3.939068447396237,26.89435057052574
230.813,1.5103288764767044,3.93956083519553,26.892310700011844
233.344,1.509945914919894,3.940264382916427,26.898717755089276
235.859,1.5135486012120054,3.9407735874641467,26.901878263170524
238.391,1.5107880954447976,3.9413668377256412,26.90223960602726
240.906,1.5132201658951523,3.9421346629791176,26.898714256448212
243.422,1.5091494776131533,3.942577293010643,26.89946727495605
245.953,1.5109875636447512,3.943236285293285,26.908453472654116
248.469,1.5091644090820175,3.9441153728676586,26.91044273722359
251.031,1.5102123457050558,3.9444225245664923,26.90727934339247
253.531,1.5098002512474067,3.9450281065416237,26.90511974575333
256.047,1.5089685655963248,3.945544200638197,26.907934030021973
258.516,1.512929557563691,3.9462461527963977,26.90909001305881
260.984,1.511093858246223,3.9467390781533345,26.914423856706573
263.453,1.5081529425120825,3.9471986341281973,26.912646667009202
265.922,1.5097018225085035,3.9478205972448777,26.915353782168083
268.406,1.5088394010358073,3.948325545326493,26.91112927676969
270.922,1.5117652097563936,3.948906461158714,26.909952904887646
273.453,1.5087592476749656,3.949466414653229,26.912315241228928
275.969,1.511544202757419,3.949736789450063,26.91419242839147
278.5,1.5148577090081468,3.950496588377918,26.91370052922191
281.016,1.5095000679004784,3.951279905054441,26.912507271522944
283.547,1.5105653741013985,3.951521969297424,26.92286795447768
286.063,1.5064051003544605,3.952043226378024,26.92120738912088
288.625,1.5100595750382104,3.95263980398661,26.927042796701304
291.141,1.5086214191932963,3.953289357076544,26.9245823354037
293.672,1.5110157422817698,3.9537142496100097,26.925722765182382
296.188,1.5120352646177497,3.954191894446388,26.921053326830236
298.703,1.5103734877915618,3.954728644432078,26.92920896049531
301.234,1.5111693369046275,3.955151641417495,26.93908990261954
303.75,1.5079314202917802,3.9556544454098836,26.916616366482977
306.281,1.5086475602564615,3.955859700494464,26.925116904846956
308.828,1.5127886043785472,3.956673897927618,26.925222636631716
311.297,1.5129178487230317,3.9569189110033482,26.934115710402327
313.766,1.5106791001841795,3.957259844558191,26.926039666125366
316.234,1.5103781078886231,3.9580382625281714,26.933320278368484
318.703,1.509605719194472,3.958465141435937,26.92925298910436
321.188,1.5097073120213491,3.9588834232033685,26.930962112576452
323.703,1.5099297862540653,3.9592424107306115,26.940350770843846
326.234,1.5112927076638563,3.9597675745018885,26.94033967907227
328.75,1.510153337614493,3.9604321864699426,26.94438152622985
331.281,1.5094968415252459,3.960642011130918,26.94338865815063
333.797,1.512344724423847,3.961243424614697,26.94200335142319
336.359,1.5093179414849904,3.9617243718973176,26.94502512760585
338.828,1.5135545610741608,3.961773263851633,26.947806690899743
341.297,1.5071613072434795,3.962480218689828,26.95517971547586
343.781,1.5112752413416422,3.9627640665640804,26.951031722308567
346.313,1.5099717469668794,3.9633000496088364,26.96246868594229
348.828,1.5119034390838944,3.963459923870733,26.9583320480258
351.359,1.5099265553789056,3.963911922828965,26.95291449551703
353.875,1.5102966891696334,3.964673306500355,26.963368579843475
356.391,1.5112406356197527,3.964815850194924,26.96385143928482
358.922,1.5112228695856091,3.96549093712543,26.953692587282656
361.438,1.5092426760418527,3.9656824444753456,26.963630491043926
363.969,1.511176307273779,3.9661251468501275,26.959260579444166
366.484,1.5108624595712479,3.966346417061633,26.96954609991462
369.016,1.5099178084623037,3.966897887019152,26.970492899937618
371.563,1.512301860084025,3.9674604563682685,26.96825526949621
374.078,1.5090888536047489,3.967892501445836,26.98067726599551
376.609,1.5131953718098543,3.9680869801566923,26.985631513897083
379.125,1.5103808812574473,3.9685806623434967,26.97473825984001
381.656,1.5123956284457751,3.968865793742097,26.978219241920772
384.172,1.5096353670332405,3.9692994367295316,26.98634049516999
386.703,1.5079908027809508,3.9695897171938896,26.98388193699352
389.219,1.5118336579840645,3.9697953484392094,26.98269351188858
391.75,1.5118937982984322,3.97044437257579,26.978668160622117
394.266,1.511043764859967,3.970995303792335,26.988744150515352
396.797,1.5127029259646874,3.9710365895524973,26.990713601100833
399.344,1.5101854250200186,3.9716885624430205,26.993123077345548
401.844,1.510820115869476,3.9718801686984055,26.999388952086626
404.328,1.511191846447337,3.972260356726619,26.999833996611667
406.813,1.5120066523542715,3.972688460748709,27.00918110965736
409.281,1.5113051670414814,3.9732119751908805,27.00611795928666
411.75,1.511993284491086,3.973463655496587,27.006361292405895
414.219,1.5114917065763755,3.9739033662567054,27.010577947681675
416.703,1.5107274889753333,3.9740180951695105,27.01325372268444
419.219,1.511571048661855,3.974387376743758,27.009321350994377
421.75,1.5105713141099493,3.974507852696843,27.013547362579352
424.266,1.5113273003157461,3.9752068739059165,27.020390608622552
426.781,1.5097145143429298,3.975608700024493,27.02798698997983
429.313,1.5096598627074593,3.9761409164777333,27.02763227221268
431.828,1.512664992635557,3.97624933861485,27.02581336046565
434.359,1.5108601128658732,3.976701867023817,27.03080501886792
436.906,1.5092284323549867,3.9768908624915222,27.032017055304237
439.438,1.5102210362894577,3.977069244972939,27.035878075522692
441.953,1.510739677407629,3.9776519116842914,27.034631210046133
444.484,1.5084724460771834,3.9779162749818693,27.03679188390999
447.0,1.5130007812619508,3.978524474052082,27.04028282571693
449.531,1.5107845332263654,3.9784931738764087,27.048586366331175
452.047,1.5092935117250392,3.9791885712153383,27.038530924502165
454.563,1.511865405315055,3.9793586808328345,27.04449099878329
457.094,1.507802180171024,3.9796248149744144,27.048248265412177
459.609,1.512809535126855,3.980262225016232,27.048829782406724
462.141,1.510615474377422,3.980631172107486,27.053806226154876
464.656,1.5102942679322575,3.9808010686181636,27.06047550843465
467.188,1.5106760042318064,3.9810154227804007,27.06250120176426
469.703,1.5083606860745518,3.9814885945781993,27.056868197198035
472.234,1.513109872506417,3.9817314261100885,27.066851727068812
474.75,1.5110408061801277,3.9823836607179017,27.07136879021036
477.266,1.5092764415511892,3.98244390543314,27.07484617067159
479.797,1.5106543337157174,3.9828837115758895,27.072313165113552
482.266,1.510974685545536,3.983310811224333,27.074256469664
484.734,1.5090131584575632,3.9836109785103586,27.07782047665507
487.203,1.512116034398912,3.984001692139203,27.08537131450295
489.688,1.5113404336571548,3.9841915660633562,27.08889236776891
492.203,1.5096856650339885,3.984526458891163,27.085174305745543
494.734,1.510022887688932,3.9849109891934034,27.091416479222946
497.25,1.5109401219761494,3.985361906877666,27.086500217474192
499.781,1.5094744305876246,3.9857565235364434,27.088632148086713
502.297,1.5106359387353108,3.9862675064702446,27.09186607829423
504.813,1.511318426009324,3.986408039068334,27.09657758655192
507.344,1.5120570819975028,3.9865842794873187,27.0931034647539
509.859,1.5109436255804674,3.986757208775608,27.104713369258718
512.391,1.5114632637299712,3.9872226991872353,27.10365348576873
514.906,1.5115703375783722,3.987675519590966,27.111808364819172
517.438,1.5110707928537168,3.9879307884146398,27.11539809685165
519.953,1.5111505856170333,3.9883526261313507,27.12384293890881
522.484,1.5115816860463231,3.9886482709850366,27.123318485795345
525.0,1.5084162304302688,3.9890071319028624,27.130271813949065
527.516,1.5098471340059756,3.9894493637969997,27.12945157089808
530.047,1.5126319769525916,3.9896998230275167,27.129461075682407
532.563,1.5141149130839877,3.9901962452866555,27.131911638601437
535.094,1.511105369480581,3.9907488528904094,27.132638669638762
537.609,1.510698411738742,3.990625632339744,27.138706287828054
540.125,1.509333761853364,3.990853771618033,27.13332704478757
542.656,1.5116825625353196,3.9912638288034317,27.14118919133502
545.172,1.507752449867105,3.991898958908845,27.13864770698468
547.641,1.5110044307565398,3.992238915160355,27.14474628949065
550.109,1.5125696808537867,3.9927498404533353,27.14967661348312
552.578,1.5101198787918642,3.992978870698203,27.150236129639904
555.078,1.5110752452062892,3.993098823142748,27.146218490430925
557.578,1.5081801134188009,3.9935093583437364,27.150976218053746
560.109,1.5087221807671212,3.993899010219538,27.15945747914387
562.578,1.5127581160722519,3.994108157380593,27.166137535524758
565.047,1.5109221400304196,3.994540989859368,27.166025590114714
567.531,1.5119005768099103,3.994690080707356,27.169156812399795
570.063,1.5106098876195277,3.9950802421351184,27.16620732800026
572.578,1.5082832077716408,3.9953138537213677,27.169853898682735
575.109,1.5096444055050857,3.9957903760292126,27.17741975021053
577.625,1.5089564788362746,3.9961568585586806,27.17619935213574
580.156,1.5044146536506076,3.996298922890179,27.190459089220294
582.672,1.5147475621622386,3.9970724312686454,27.18399648538114
585.203,1.5104153564599185,3.997116944572992,27.180049904749644
587.719,1.5074032443184435,3.997239926414299,27.18813608757694
590.234,1.5136854817440355,3.997938226367544,27.18979436839408
592.766,1.510188676048662,3.9982635879433777,27.19204980288669
595.281,1.508934089626063,3.998726168378252,27.191409117432215
597.813,1.5102467561834343,3.999131055139422,27.203864475919303
600.328,1.509995322737817,3.9991924054649264,27.208311028928936
602.859,1.5116563927649285,3.99952575879297,27.205647420936018
605.375,1.508884327323248,3.999745512747512,27.215424410599176
607.906,1.508732123233914,4.0002481539222385,27.217460299894352
610.422,1.510805060483711,4.000453305354956,27.21935921523565
612.938,1.5084456252475782,4.001053178559058,27.218852907592293
615.469,1.5093106954995663,4.0011943216536014,27.22674963206957
617.984,1.5084912459611153,4.001595155659912,27.237106452182033
620.516,1.5103779208927188,4.001934694660826,27.244790695833156
623.031,1.5082019966574742,4.002221293918963,27.262849713623584
625.563,1.511851093452525,4.002482894858583,27.25646957668404
628.109,1.5083279167489554,4.003019997071464,27.25728622221659
630.641,1.5100335353614296,4.003261395550725,27.24808444760217
633.156,1.5099043963413936,4.00346663085313,27.249040351239707
635.672,1.509299903383244,4.003853768070073,27.25843856528685
638.203,1.5125874423509642,4.004217498161257,27.25251142040928
640.719,1.5101460857617832,4.0045911707593085,27.2605813376588
643.219,1.5125021243374517,4.005017407039744,27.266864326308774
645.703,1.5099723808894217,4.005481260114573,27.27241723649217
648.172,1.5093056732027872,4.005577673409262,27.277830197380908
650.656,1.5122425922178122,4.005809783898805,27.287137798865523
653.109,1.5113720983063044,4.006132475065019,27.289814935624605
655.578,1.5091194354751303,4.006595002199357,27.289191019740564
658.063,1.5081608049741013,4.0069356444684745,27.289789766305724
660.578,1.5107325859864762,4.007391032629805,27.295035685918425
663.109,1.5099389040180013,4.007319198668799,27.294977651246565
665.625,1.510452880715845,4.00812756025559,27.29807199983845
668.156,1.5105713543641028,4.008393226570513,27.30248451412823
670.672,1.5110482054327485,4.0084880318748555,27.30910711698172
673.203,1.5089962309335014,4.009001598464094,27.3069029617851
675.719,1.5115508272940095,4.009374792780138,27.323152608716335
678.25,1.511096679360106,4.009472289846575,27.324720801660487
680.766,1.5094186801339946,4.009725715021424,27.326130457561362
683.297,1.511068362713765,4.010204490298397,27.33052989938898
685.813,1.5110144028963286,4.010457015460431,27.335069328516344
688.328,1.513606367320352,4.010611854397101,27.34110972832043
690.859,1.5096874444669157,4.0112024701874995,27.34240452768088
693.375,1.5100088269353324,4.011495345543597,27.353513849305177
695.906,1.5102540725807647,4.011764242628003,27.35446025933029
698.422,1.5082291092198117,4.011914295246892,27.360715021745172
700.953,1.5097410006927352,4.012156955616119,27.351965672587053
703.469,1.5122267054851561,4.012679153652463,27.36101353174887
706.0,1.5107608027628265,4.0131102110032755,27.362944172056245
708.516,1.5125781229650563,4.013408850020354,27.367082317020976
711.078,1.510645323777697,4.013576179858971,27.364935472921836
713.594,1.512172505148825,4.014195696888898,27.374490490558404
716.125,1.5106871122679177,4.014401242315877,27.372973666337383
718.609,1.51211317635263,4.014539948474568,27.382734523909612
721.078,1.5089552715530525,4.014940400963435,27.37926205874936
723.547,1.5115796384468898,4.015433854591977,27.39270579392911
726.016,1.5100544778390153,4.015768143881619,27.38731125218703
728.531,1.50824554244346,4.016210324009453,27.397820331852408
731.031,1.5098716610763125,4.01630909054386,27.39721476430137
733.563,1.5095844446746904,4.016626331975458,27.40227078074517
736.078,1.511701266939458,4.0169690914385905,27.399876642838937
738.609,1.5108920946988753,4.017486136123912,27.39785823873264
741.125,1.5084126568259866,4.01766088747009,27.4009903648542
743.656,1.5075614413572496,4.01800035472509,27.414144437426838
746.172,1.5106097690996991,4.018436078053506,27.419148984561833
748.688,1.5095467686396502,4.018836554844224,27.423372105516613
751.219,1.5093174181857005,4.018927416706277,27.421347140328642
753.734,1.5131294850275874,4.019293233506093,27.424355150530907
756.266,1.5093758192670224,4.019432771133306,27.42864056514761
758.781,1.5090063018213142,4.019851011177207,27.436900414682817
761.313,1.5115070434934463,4.020294582827507,27.43890175831682
763.781,1.509116981293195,4.020570050041526,27.43231814342333
766.297,1.5108417171624764,4.020893514714485,27.45003632186227
768.797,1.5123553991525185,4.021358770096593,27.460147875805514
771.266,1.5078470617075348,4.021496781189691,27.46612425713173
773.734,1.5099301697844856,4.0217939908932365,27.457124336029427
776.266,1.5131602846212788,4.022216520260012,27.46029854940317
778.781,1.5131144195039283,4.022322373021261,27.468367512009696
781.313,1.508387925996158,4.022715872774048,27.467988583157705
783.828,1.5133064689436075,4.023064747387741,27.477927560538618
786.359,1.5116214554524372,4.023499325057277,27.480075713521835
788.875,1.5097922887456994,4.023723320905726,27.48667489746394
791.406,1.5103495614219145,4.0243846169150475,27.493702166046763
793.922,1.509605607313391,4.024086178707257,27.499734856675598
796.453,1.5084716963092961,4.024698025061755,27.50153681214541
798.969,1.507125066220936,4.025217438238801,27.50348802631818
801.484,1.5096066535561898,4.025308160141545,27.51494398595636
804.016,1.5107032087791574,4.02607862361464,27.51734006908456
806.531,1.510390151834223,4.0261264865417665,27.514969673820627
809.063,1.5108469396960604,4.026466174900709,27.531588734975955
811.578,1.5123701839663612,4.02665642759942,27.530296828473652
814.109,1.5121125567669875,4.02702805495102,27.528051446091666
816.625,1.5095689819353586,4.027479320964777,27.533191221452327
819.156,1.5115872402118598,4.027739863229938,27.530120624156886
821.672,1.5098139577303813,4.028064424457242,27.543414137135944
824.188,1.5104293694006796,4.0284278069243555,27.54788983146934
826.719,1.5105689193927982,4.0286908170169715,27.549919728069092
829.234,1.5110535894305974,4.0289692702830555,27.556395135232286
831.766,1.5096420953142493,4.029197967327932,27.564116784958728
834.234,1.510142310663807,4.029605110749011,27.567176857543657
836.703,1.5119453451892553,4.029783628482383,27.563249576910398
839.172,1.5108015751518276,4.030395046066105,27.570236623325677
841.641,1.5086821197731042,4.030677166394317,27.57098817435974
844.125,1.5096779951768833,4.031152925008333,27.576594132203518
846.609,1.5118325758124984,4.031296668719752,27.579579146388404
849.109,1.5092460189108952,4.031493755305875,27.584364457606892
851.578,1.5122043979745512,4.031840155873102,27.58434978222881
854.047,1.5084744089856084,4.032213544590531,27.59416651716093
856.516,1.5099192146747193,4.032533893524574,27.589832841743263
858.984,1.5120095409735363,4.032810278777803,27.594807705016734
861.469,1.5123369413310381,4.033224829631437,27.606741622109155
863.984,1.5121288195562,4.033473103925182,27.608264318434934
866.5,1.5094543799510116,4.033983395439281,27.612163491965866
869.031,1.5108154089334034,4.034329440377017,27.623773256854854
871.547,1.5091392422570336,4.034463654072896,27.63108513639953
874.078,1.5108291057986434,4.035058050688763,27.632106360344924
876.594,1.5099768738279193,4.035234052997816,27.630546338812124
879.125,1.5079874446718322,4.035584076404905,27.632686402601202
881.641,1.508834551120934,4.0358426643637735,27.635866763721783
884.172,1.509451024115858,4.036102774323521,27.645109410057458
886.688,1.5090585627849968,4.036557099570482,27.639994414046775
889.219,1.5101627964180113,4.037014453057485,27.64849980821748
891.734,1.5082814483811926,4.037334987568615,27.653866959378057
894.25,1.5126145729950673,4.03741749156241,27.658459708162273
896.781,1.5080342898065393,4.037633271257389,27.660409002258902
899.297,1.5115452498922746,4.038013909416088,27.665911136803256
901.828,1.509029078855705,4.038437795527609,27.667060773074923
904.344,1.514097981219987,4.038765646559912,27.67051703775762
906.875,1.5104177142851574,4.039250121476671,27.6745614363166
909.391,1.5093994875445738,4.0393716319053015,27.687839158290647
911.922,1.5120263071010813,4.039721849926021,27.683069152591685
914.391,1.5106322090832875,4.040317378448955,27.69290573604974
916.859,1.508249850830829,4.040412689290656,27.700358505327696
919.328,1.507914243533349,4.040669778896756,27.7035323213353
921.797,1.508656304196411,4.041111189519241,27.70211428219368
924.281,1.5082472037126304,4.04149880672687,27.711137537122035
926.797,1.5088272741365192,4.041455803475425,27.709417356872805
929.328,1.5124728023442107,4.042241379737004,27.72026232157108
931.875,1.5121029794619902,4.042264283056441,27.714062421687064
934.422,1.5096558372620519,4.0428026556931576,27.728537247139435
936.922,1.5142485690616705,4.043129387425322,27.732800983264543
939.406,1.5118699293416564,4.043694836203317,27.732302131554274
941.875,1.513314050347859,4.043903661224705,27.73600821537551
944.344,1.5116774411515448,4.0442000747642535,27.745921807564404
946.875,1.5080318709336529,4.044232525185914,27.748510867959062
949.391,1.5127008942966764,4.044743340515297,27.754331292902265
951.922,1.5122320481400748,4.045047815047374,27.758891727081377
954.438,1.509414774044933,4.0453827271843705,27.755577959886104
956.969,1.5083239920238312,4.0457738627994635,27.75882680654058
959.484,1.5104313865635153,4.046109337968169,27.763459964837374
962.016,1.5127777160579852,4.0464546669912345,27.76872849331991
964.531,1.512701993404813,4.046820676138392,27.771374559174188
967.063,1.5110457884325226,4.047327704648956,27.771643572678347
969.578,1.5137320379600394,4.047478462729194,27.781440822025786
972.109,1.5091698467460413,4.047657454732496,27.7827725516861
974.625,1.5131538564222853,4.048163649043024,27.785450276966714
977.141,1.511158764780701,4.048631346406856,27.792687829562293
979.672,1.5098517659105413,4.048661388550778,27.802418315837006
982.188,1.5133538881749087,4.049051447356623,27.800015351928135
984.719,1.5098155065617198,4.049621451398499,27.807154801291503
987.234,1.5108411270780775,4.0499931700896035,27.810220080605358
989.75,1.5089824365332292,4.050112480140169,27.818470856397646
992.281,1.510187436588106,4.050607902209458,27.814619228834516
994.797,1.5098102009560537,4.050987811932309,27.826504369825717
997.328,1.5119612399392808,4.051555190159422,27.82547315384693
999.844,1.5082950530030275,4.05181614351621,27.833231775401618
1002.313,1.5113208183024445,4.052026146480449,27.838713736630584
1004.781,1.51008413174141,4.052268078107244,27.843668266309443
1007.25,1.5103764336915664,4.052838702189703,27.845636981151053
1009.719,1.5115890175552458,4.053030422468641,27.86021269544516
1012.203,1.5099379677517863,4.053470621586088,27.862656273828428
1014.719,1.5116658615349219,4.0537939167983374,27.859515916219145
1017.203,1.51117384393057,4.053812701666939,27.869348837267392
1019.672,1.5099526440526119,4.054478468112582,27.874908497973102
1022.156,1.5111334774572653,4.0546505451131045,27.878520264110907
1024.641,1.510661630364234,4.05523942720427,27.884205078344326
1027.156,1.5097411009417456,4.055165826512426,27.886690956136807
1029.688,1.5083811127347997,4.055676772964012,27.89042287707376
1032.203,1.510360949596473,4.056192368563745,27.8997758842829
1034.734,1.5089355346200302,4.056454538312161,27.900877598004254
1037.25,1.5082603449874288,4.0567846692569205,27.90311930611129
1039.766,1.5099142503148777,4.057071789259351,27.91116682827391
1042.297,1.5095383951127255,4.057292895398685,27.918602459347092
1044.813,1.5115512817993828,4.057820804017363,27.930551304898497
1047.344,1.5113818910422256,4.0581972714000845,27.9349871312968
1049.859,1.5113490484735541,4.058695757450236,27.937163517395852
1052.391,1.5078072797421578,4.059175575673609,27.94020221895261
1054.906,1.509409597956205,4.059360070825136,27.94051501825022
1057.422,1.5137138628963118,4.059640354090504,27.947886225054603
1059.953,1.5113362032978674,4.05988264987175,27.947672541908858
1062.469,1.5115624482110301,4.060104062620408,27.953069494057214
1065.0,1.5094160981969347,4.060719454778068,27.95010291067832
1067.516,1.511284425724682,4.061103101372728,27.959569560742015
1070.047,1.5121901920885918,4.061447685394913,27.966414062499908
1072.563,1.5095080121567064,4.061625451701297,27.975129585598427
1075.078,1.5143151201338891,4.062140592328287,27.98007306721776
1077.609,1.5100675965579944,4.062478861846083,27.978125917465274
1080.125,1.511651310103249,4.062863187021047,27.987850451242927
1082.656,1.5108260029003056,4.062952009492833,27.98944796681204
1085.203,1.5106380214808504,4.063377322594373,27.992750672876042
1087.719,1.5120350414911217,4.063896127519153,27.99830353252754
1090.219,1.5108344680077948,4.064217253303206,28.000596259722844
1092.703,1.5122720328719592,4.064536955365546,28.01097528866966
1095.172,1.5122165633217097,4.0648889327076025,28.00865782026558
1097.656,1.5093517305976794,4.065306054977291,28.015560372629285
1100.109,1.5122997415198773,4.065891944969054,28.027740408004444
1102.578,1.5078314923846163,4.0661449745437155,28.026913475410243
1105.063,1.5106216126228742,4.066298362234441,28.040815788079875
1107.594,1.5080827956055651,4.066647512032326,28.039644302409435
1110.109,1.5101239609583716,4.067002155098831,28.045846536462587
1112.641,1.5082066985683003,4.067548316477999,28.05122784752027
1115.156,1.50967702410919,4.067670500042123,28.056006425628624
1117.688,1.5091331128547973,4.068099552174612,28.058128182829535
1120.203,1.511719428608342,4.068245197514969,28.061431248592644
1122.734,1.5119478749693556,4.068713543204703,28.06824006670965
1125.25,1.5051987537175635,4.068959539503624,28.068504989027556
1127.781,1.5101595461080644,4.069676963909185,28.07977359511163
1130.297,1.5077503322996308,4.069607833399286,28.088326249120602
1132.813,1.5095246845370731,4.070180393013051,28.092422874752167
1135.344,1.5066477199486716,4.070666476241303,28.092305977789362
1137.859,1.5129124938925602,4.071205598325208,28.09996901520934
1140.391,1.5097960545831217,4.0714622425474225,28.10399169124875
1142.906,1.508151684594956,4.072031022308265,28.10611657257787
1145.422,1.5066609644168438,4.072328174734145,28.104530317092124
1147.953,1.5122508821173541,4.072394616352103,28.119353180762793
1150.469,1.508965966593629,4.073245133785385,28.127615893238627
1153.0,1.511933312269555,4.073573111864277,28.129524137361024
1155.516,1.5147115936799518,4.073594065099597,28.141675839942206
1157.984,1.5090744419715492,4.074030464435291,28.13705224386114
1160.453,1.5098212961693307,4.074403713744399,28.14269356896577
1162.922,1.5093993560243075,4.0748525993227664,28.14012837076266
1165.391,1.508885551307458,4.0751117192530595,28.155224556925653
1167.859,1.5099054070736273,4.075386990470689,28.153989815529826
1170.391,1.5129714128882628,4.075959902717116,28.16174128362005
1172.906,1.5087286897623213,4.0761715768875035,28.166839173027437
1175.438,1.5114824156460187,4.076734307674462,28.17058234213192
1177.953,1.511920602993568,4.077130442101706,28.17874857262084
1180.484,1.5099401967216066,4.07724472117594,28.176178036356784
1183.0,1.5106243840926061,4.077698357898906,28.192013079458356
1185.531,1.5081303993270778,4.07828777150977,28.19332419155456
1188.047,1.5128435231782602,4.078761722577103,28.19449423020608
1190.563,1.5075768852427842,4.0787615228298,28.20741439567424
1193.094,1.512352502441193,4.079246651134579,28.215988685146925
1195.609,1.512313082335289,4.079646515826658,28.221329849885564
1198.141,1.5086863707414446,4.079891489436547,28.224487322310974
1200.656,1.5092545123361392,4.080412412006309,28.23767561550156
1203.188,1.5121271574239048,4.080947717570553,28.22234306275571
1205.703,1.510259818359875,4.08121143462119,28.23473833870764
1208.234,1.5079333837270323,4.08142836912815,28.232685372308033
1210.75,1.5094167154352807,4.081853830061723,28.240204925199734
1213.266,1.5077394285500616,4.082314643349957,28.249398252853247
1215.797,1.5114666497972045,4.082730007283715,28.25030615098243
1218.313,1.5055701085809574,4.0832379683667295,28.255978759537157
1220.844,1.5096674172010716,4.08384867780157,28.26234272610615
1223.359,1.5094585398419686,4.083822805513833,28.26863405243107
1225.891,1.5103942977236058,4.084449571615188,28.26224543723073
1228.344,1.5089149371001989,4.084707468777638,28.276050077444253
1230.828,1.510056626394885,4.08518073290413,28.278425347148303
1233.281,1.5087199739383454,4.085259874446585,28.280002743368787
1235.797,1.5130393214771374,4.085907591408242,28.287526902530104
1238.375,1.5105343279894337,4.086131895482791,28.294530313588904
1240.875,1.508785794153656,4.0864632819652815,28.294322881093166
1243.344,1.510191325674699,4.087016708356134,28.305198062333083
1245.859,1.5118158812750422,4.087675316420455,28.311631604570177
1248.391,1.5136291820022545,4.0877527630452875,28.31619504878552
1250.906,1.510193873162238,4.0882262063831805,28.32149466588267
1253.438,1.5114766890582967,4.088745909046092,28.316525027406875
1255.953,1.5130378340752737,4.088939884008569,28.330952585065695
1258.469,1.511081315325646,4.0891157842157755,28.332364668383867
1261.0,1.5112443991039473,4.0897067917753285,28.339982408019832
1263.516,1.5136545194475681,4.090294431424756,28.33781799627255
1266.047,1.510559859722271,4.090921260417919,28.346466003323606
1268.563,1.5132294504068753,4.090983456932416,28.347242344571722
1271.094,1.5092941279112762,4.091431922528477,28.358008269030613
1273.563,1.5132831517138807,4.09155161852003,28.36638611204212
1276.031,1.508088765636642,4.092011716864182,28.37033233403766
1278.5,1.5092810112332733,4.0926496505676715,28.379843303633592
1281.016,1.5118790558810244,4.092941655818888,28.386939431886287
1283.547,1.512332838608432,4.093361890803665,28.379664352412313
1286.063,1.5110545981443815,4.093808136464071,28.39134925548973
1288.594,1.5134924239060703,4.093928562977283,28.397969170300346
1291.109,1.5092726072171858,4.0943852187223095,28.40275407813604
1293.641,1.5078615843949765,4.094808127782404,28.40310650585329
1296.156,1.510295922979765,4.095195845775189,28.414149401767933
1298.688,1.5115840540064904,4.095577759637403,28.421539548430406
1301.203,1.5093469974254854,4.095957520640223,28.43260253038646
1303.734,1.5092865915483982,4.096391047566147,28.433661605742323
1306.25,1.511577694625589,4.096946902859302,28.43611648310875
1308.781,1.5142702996903374,4.097350819506646,28.442482400434674
1311.297,1.509044049164911,4.097810444543369,28.445070264689708
1313.813,1.5141149096861162,4.098375731548968,28.456118684601428
1316.344,1.5127356748055634,4.098330226936685,28.453048758368784
1318.859,1.5081033447529435,4.099102455439504,28.459135071433554
1321.391,1.510591279184557,4.0994482221024215,28.461329867641012
1323.906,1.5116532063771377,4.099449711863236,28.471717415716412
1326.438,1.5119127174056564,4.100601118693727,28.482928875829145
1328.953,1.5113980938808613,4.100580182761436,28.491728202241838
1331.469,1.5101550660775254,4.100858029545764,28.49322581000923
1334.0,1.5109911520651005,4.101349349785932,28.50061704358722
1336.453,1.508562982886159,4.101891522746198,28.498869371998737
1338.938,1.5109002345588782,4.102287674977144,28.50281091262239
1341.453,1.5097783857220042,4.1027363034719295,28.51269433397225
1343.969,1.508582116427552,4.103127642194895,28.5174967364516
1346.5,1.5086435734090549,4.10343392977049,28.522029126013475
1349.016,1.5074770939713633,4.104223175374535,28.536909149200568
1351.547,1.5083994779817844,4.104157437438592,28.539632440461713
1354.063,1.5063916988025519,4.104473832854565,28.539727232997947
1356.594,1.5114576402493898,4.1049381901748,28.54841271227998
1359.109,1.5102720719448783,4.105456623515036,28.55144474023093
1361.641,1.5128519843351345,4.105722157606489,28.557882044710656
1364.156,1.5098582981836575,4.106406346844456,28.57879647258938
1366.688,1.5102868017702598,4.10687107043982,28.574695698854242
1369.203,1.5087815179729431,4.107249300883893,28.584158556849722
1371.734,1.5119939235230038,4.107707434899709,28.590299423488123
1374.25,1.5128577764608186,4.108055516550029,28.593825970317486
1376.781,1.5091516027407177,4.108649732128092,28.59422786009252
1379.297,1.5089670339571968,4.108883626483297,28.59995665451265
1381.813,1.5124131304984934,4.109385409520705,28.60420780189572
1384.344,1.50539152036326,4.10966339126134,28.60724706524905
1386.859,1.5136941610213284,4.110145753395187,28.62038247307229
1389.391,1.5094559352374082,4.110503571239649,28.61867524806792
1391.906,1.510522444789366,4.1106880111421615,28.632216789478917
1394.438,1.510303786594162,4.111461380982525,28.635359479422466
1396.953,1.5118217960435947,4.1119801050862375,28.63837680089987
1399.516,1.5126296640702097,4.112344156818061,28.643943127078316
1402.031,1.5128299407778865,4.112594474990346,28.64856217418966
1404.531,1.5129355320940272,4.1132324534968685,28.65092933944289
1407.047,1.510098214585757,4.113747912443397,28.66564998157976
1409.516,1.507008544373054,4.113734069271446,28.66195517029523
1411.984,1.5094727154955325,4.114529315837051,28.673199182293043
1414.453,1.5094750822123295,4.115239430099451,28.671943040322727
1416.922,1.513260574196837,4.115301415844421,28.68157465587696
1419.406,1.509911040127352,4.1158528046347005,28.688497725904607
1421.922,1.509546335873483,4.116221477955086,28.691815185758294
1424.453,1.5072071328206493,4.116475577511271,28.707508583483637
1426.969,1.509252840190196,4.11688783586922,28.707124479201156
1429.5,1.5099951860911593,4.117449383337344,28.719515591817082
1432.016,1.5090772929088303,4.117690230381205,28.713877576078303
1434.531,1.5107797488932841,4.118196992669628,28.720220560198285
1437.063,1.5132672160242424,4.1190950675257385,28.72641454079815
1439.609,1.5096372192750216,4.1191087851339825,28.73463854163984
1442.141,1.5076553505892194,4.119498931155451,28.735531222756528
1445.016,1.5084989717117674,4.119941529775763,28.747593441464062
1447.641,1.5127441400460946,4.12035943906334,28.75069275287508
1450.203,1.50750668674514,4.120766413628688,28.74970185131783
1452.766,1.5097300788037384,4.121666891982162,28.755754125547625
1455.328,1.5115721176341665,4.121783674943542,28.765081993051524
1457.891,1.5101483223945023,4.121993205510378,28.766278380966863
1460.438,1.5113501758790135,4.123135689268247,28.77600018196312
1463.0,1.5120125129177961,4.123171311724187,28.79166461364801
1465.625,1.5097351567787458,4.123589090435395,28.783823956951494
1468.188,1.5084395577320422,4.1239498095755245,28.79011926466888
1470.766,1.5139029064654361,4.1241961313467295,28.797805971964227
1473.328,1.5116137976683766,4.124833692069215,28.804005795476733
1475.891,1.508902093677548,4.125509056193909,28.811681526422568
1478.453,1.5104783342913484,4.125614555406189,28.82110135565301
1481.0,1.5096952833894985,4.126281335684863,28.816956975598064
1483.563,1.5085050715156303,4.126783209002812,28.826992153736494
1486.125,1.5087839108278303,4.1271767639369585,28.833772234673628
1488.688,1.5093983086751792,4.127481023700998,28.838956260030532
1491.25,1.516547010397619,4.1282573449238775,28.839882642669423
1493.813,1.5106109816814128,4.128521886466517,28.850346845486342
1496.359,1.512404080772408,4.128833712340842,28.854911236505043
1498.922,1.507355683879356,4.129365864924269,28.866611367584536
1501.484,1.5102370566283163,4.129847146983301,28.86077876877364
1504.047,1.5130596321786642,4.130375850631289,28.865123742721853
1506.609,1.508356647989194,4.130488963747969,28.87725832682596
1509.172,1.5137115549153033,4.130948720178165,28.882548401245497
1511.734,1.50595331505892,4.131539264494129,28.884316833807233
1514.281,1.5125297340942305,4.132039086874038,28.884014043076338
1516.844,1.5113062582358205,4.132876953432877,28.89306026948089
1519.406,1.5099795606458797,4.1327213219933014,28.906838773677617
1521.969,1.510073647180984,4.133418016451643,28.915959761806484
1524.531,1.5113110474059757,4.133862598213906,28.920771897844475
1527.078,1.5111279493396288,4.134225815760559,28.9277302389725
1529.641,1.5103359265316767,4.134840605075402,28.92573461396809
1532.234,1.5125220302570848,4.135251072444507,28.940652526900884
1534.859,1.5091923134471412,4.135719409091145,28.947490142227707
1537.422,1.5120005779312742,4.13609362166544,28.949226440715208
1539.984,1.508977630155607,4.1364766432356435,28.95396866643115
1542.547,1.5091901958913945,4.136662416732644,28.959533478953535
1545.109,1.5104784728762495,4.137389463234468,28.971619142277795
1547.672,1.5109626124521633,4.137967439690753,28.97560494320394
1550.219,1.5101985332008212,4.138569889343777,28.98039501231773
1552.781,1.5074276621231286,4.138967894594447,28.985978825770403
1555.344,1.507676839789761,4.139262095387072,28.982222112435156
1557.906,1.5084692859879136,4.139648239120087,29.00452983686501
1560.469,1.5094352338816828,4.140081061805095,29.00816789640706
1563.016,1.5104804646840793,4.140545662441251,29.01946750123441
1565.578,1.509439482845202,4.141135637927054,29.017298286812345
1568.141,1.5105728640301477,4.141735539753701,29.027920719841312
1570.703,1.5100447962937467,4.141968069096543,29.03119358110753
1573.266,1.510657627589594,4.142161749883451,29.02977027847563
1575.828,1.508926331548872,4.142949821486001,29.04059723384554
1578.391,1.509707956328306,4.143454093470009,29.044524372900216
1580.938,1.511579253957893,4.14375172349565,29.060158960941802
1583.5,1.5088370766596502,4.144199876860648,29.059042522506807
1586.063,1.5093447832092164,4.144671395776643,29.066232752467364
1588.625,1.5066231203053224,4.1451511020834655,29.068305479535216
1591.219,1.5124597457536608,4.145492281752755,29.079086031448185
1593.828,1.5088785362613142,4.145979278355099,29.085360543658346
1596.438,1.510870481336441,4.146397122255182,29.090008555560065
1599.0,1.5098574445219615,4.14691107224743,29.10413110631412
1601.563,1.510212983280678,4.14746346751763,29.111310713658998
1604.109,1.5120192517682207,4.147841915613899,29.11400783042748
1606.672,1.5129769574119698,4.148331121860176,29.12031175621329
1609.25,1.5113506862676518,4.148888738193441,29.121901541088953
1611.797,1.5074563495474549,4.149388772972199,29.132678827813088
1614.359,1.5132160552511102,4.149706626985033,29.136170668254422
1616.922,1.5131165912394309,4.150145595142299,29.14131474309713
1619.484,1.509395710575746,4.150435306594437,29.144561907103956
1622.047,1.51211104503131,4.151355146653238,29.157121733249415
1624.609,1.5097519839704419,4.151818265202549,29.161545084626002
1627.172,1.51007588131738,4.152153751650395,29.173518127096013
1629.719,1.5110108148209374,4.152456420039397,29.186005848383886
1632.281,1.5098230058726947,4.1528770849157395,29.179426113131825
1634.844,1.5114380463994659,4.1534769862324294,29.189735139646682
1637.406,1.510342815926557,4.1538963951924925,29.189821402625704
1639.969,1.5107205512245523,4.154368453880294,29.212079948130256
1642.531,1.5080148596988021,4.154848622412586,29.219259975350553
1645.078,1.5095527710190484,4.155395047872152,29.22065118874795
1647.641,1.5137843387260805,4.1555755013579025,29.220339041783518
1650.203,1.5113407800770737,4.156037430867126,29.233233466440915
1652.766,1.5101850641899772,4.156552168130124,29.24148419101475
1655.328,1.5100760416660113,4.157124722995038,29.24748561732231
1657.891,1.5104562343015644,4.157601079393154,29.25371533807659
1660.438,1.5087695455950818,4.158162854279964,29.267665372013504
1663.0,1.5095857553361667,4.158407662136615,29.276221889215414
1665.563,1.5116105802143436,4.158626647441596,29.282589851578575
1668.125,1.5073026630476627,4.159540980589507,29.277857414446142
1670.688,1.5113613915491522,4.160032658724329,29.28297178697833
1673.25,1.5080758779791517,4.160148108717399,29.29353695091719
1675.813,1.5119170714196386,4.1609260606952585,29.299739064516732
1678.375,1.5092959390419671,4.161272925659994,29.309006650133078
1680.953,1.507931354466738,4.16185286978809,29.31061815726987
1683.531,1.510556025087288,4.16180172904475,29.319184409676932
1686.094,1.5104012998742675,4.162603090824409,29.3252869944806
1688.656,1.511048148629742,4.163268823127379,29.337504749438807
1691.234,1.5113675078395021,4.163349021218796,29.340292340033386
1693.797,1.5096253714979722,4.164053601439864,29.35029593704394
1696.344,1.5118972211993391,4.164352623893915,29.355718788403873
1698.906,1.5096165373242434,4.164987526060642,29.357216187437086
1701.469,1.5108897605433922,4.165296241730115,29.359414613722755
1704.031,1.5121041795331387,4.1655436351812245,29.36760327148724
1706.594,1.511842075069611,4.166071858373532,29.37254074110514
1709.156,1.5102353607354366,4.166822244600583,29.37968746531445
1711.703,1.5075888839129366,4.167221057585095,29.38873217956553
1714.266,1.5097824828136224,4.167585587123706,29.406111173941937
1716.828,1.513361004729809,4.167959857814277,29.40823842381896
1719.391,1.5147689923498775,4.16870554279858,29.415882321418163
1721.953,1.5135259611552945,4.168982142822446,29.421635669764193
1724.516,1.5079537762690216,4.169592192911262,29.43333178264866
1727.078,1.5094363780315174,4.16982355080778,29.437048030658644
1729.641,1.5070289110360577,4.170568743822507,29.447080164199182
1732.188,1.5118959657923143,4.17081925608131,29.451636333835996
1734.75,1.511362096660571,4.171398559244496,29.463849948459703
1737.313,1.513153833704999,4.171454863980371,29.468656667537932
1739.875,1.5078471211251783,4.172281523224805,29.479139750851267
1742.484,1.510138159569449,4.172906078151519,29.480553115904772
1745.094,1.5108349332700841,4.173061182723042,29.49510827353199
1747.719,1.508332461113735,4.173581186891888,29.501180271830748
1750.297,1.5142570550353405,4.174012180071427,29.507100547870582
1752.875,1.5086413362787066,4.174795511695168,29.521248457246838
1755.438,1.510757494123065,4.175276317048177,29.519323233778348
1758.0,1.5117777196513225,4.175411603228751,29.529927380921897
1760.563,1.5118592494863705,4.17589049582935,29.534801191148674
1763.125,1.5093136710888195,4.176394620815718,29.546984419893068
1765.688,1.5097255636672158,4.176986561532347,29.5544815902197
1768.25,1.509297167655465,4.17716644145618,29.561937826541612
1770.813,1.5126285405931905,4.17782224651063,29.572036270351866
1773.375,1.5085037447525895,4.178184469076721,29.58162309543648
1775.938,1.51204961717988,4.178841021847973,29.58634588011382
1778.484,1.5102374229698017,4.179534337347359,29.593825317844395
1781.047,1.5097452032363634,4.179620712373892,29.602355605920824
1783.609,1.508278526427702,4.18012941864347,29.617152586296392
1786.172,1.51272735291185,4.18049885414,29.618072234256438
1788.734,1.5111591738907224,4.180976128466251,29.636419623587834
1791.297,1.5125431306871666,4.181514841035029,29.637519626254182
1793.859,1.507820004528779,4.181902094304436,29.64071176494008
1796.422,1.5102722598552312,4.18221146003574,29.65404800990867
1798.984,1.5097283794965624,4.18275169694339,29.665311327967533
1801.547,1.509616564595007,4.1834042207938404,29.66620411403836
1804.094,1.508639059660836,4.18375975213401,29.682800705286144
1806.719,1.5102803710921342,4.18437312115959,29.688478410173666
1809.328,1.509888848429514,4.184518287474827,29.69238516480405
1811.922,1.5098065016872924,4.185121595198091,29.700407563629458
1814.5,1.5117593762236154,4.185550772710315,29.70683300398762
1817.063,1.5078871477986096,4.185933631344899,29.717868019607675
1819.625,1.5119029705650067,4.186533519104663,29.72251945720781
1822.188,1.5071436289662339,4.1870884183077335,29.733020502777876
1824.75,1.511366691371391,4.18739553222089,29.737539258483352
1827.313,1.5118855421920183,4.18806738121847,29.746910398850172
1829.859,1.5107093343257023,4.188457557571935,29.75792515634692
1832.422,1.509293738924525,4.188764709738605,29.76333086153249
1834.984,1.5103142635266091,4.189446367767787,29.776233784382402
1837.547,1.512082875512429,4.189763006856629,29.794547616263568
1840.109,1.510991606336187,4.190287292384582,29.793578703797312
1842.672,1.5108059289235398,4.190642943921438,29.800759390733862
1845.234,1.5112152880050977,4.19088567708367,29.80992769815026
1847.797,1.5102716389900943,4.191486146878865,29.82098430327497
1850.359,1.510919323811937,4.191961630834179,29.824297430964773
1852.922,1.5127723159563793,4.19221311505158,29.831670582040847
1855.469,1.5142163273072984,4.19311335580411,29.848584484443528
1858.031,1.5077551721942537,4.193411727529156,29.850179956440567
1860.594,1.507939142720505,4.193938713095769,29.857461122698293
1863.188,1.5110981811028532,4.194160957997357,29.86707218709392
1865.797,1.512596854780801,4.1945843290701434,29.874419481956075
1868.469,1.5115101791113386,4.195218585744437,29.879231887529055
1871.078,1.50955055650979,4.195717994356617,29.88403414060545
1873.688,1.5094256057207476,4.1962754777770215,29.895075524458484
1876.25,1.5106610584509077,4.196331391617531,29.907729048751428
1878.813,1.5067824611447165,4.196996377821169,29.93124200796983
1881.375,1.5062298370710003,4.197399668065925,29.933976769318292
1883.922,1.5099513388656578,4.19797895598106,29.94834886947185
1886.484,1.5094950936685634,4.198164362158517,29.940792950630783
1889.047,1.513153511349274,4.198876579907459,29.96111079696874
1891.609,1.5135560584457979,4.199248265683154,29.96897367843941
1894.172,1.5111972415093955,4.199686164037103,29.974841215225194
1896.734,1.5079862162603543,4.200100418047115,29.991449283417907
1899.656,1.5104725248968316,4.200487849322556,30.008193885508852
1902.375,1.509371412258283,4.201297848419792,30.011972397043138
1905.078,1.5121135693051324,4.201552824075748,30.01836026856327
1907.797,1.5123977535486581,4.202222085808002,30.037473110554902
1910.469,1.5130343871955692,4.202365696137563,30.039081660333075
1913.203,1.5071840214298338,4.202677917078947,30.05003859680961
1915.875,1.5104056820298175,4.203334980216136,30.05212415144091
1918.594,1.5093583674070914,4.204140541260693,30.06553843742461
1921.266,1.510439259180903,4.204336197504683,30.081075045707735
1923.984,1.5097625844660278,4.204800531223688,30.08070864505211
1926.719,1.5039434890377272,4.205392431424771,30.099894570858893
1929.438,1.5077110101532898,4.205883411578447,30.104263521437918
1932.203,1.496684256437774,4.204904897234311,30.117495573290775
1934.922,1.497565671975691,4.2054431579191744,30.124467491297064
1937.656,1.4949377994212716,4.205589382716228,30.135291898052525
1940.375,1.4944249606707396,4.206033731609929,30.14742391282092
1943.141,1.495780558444434,4.2064455595938375,30.153557147744507
1945.875,1.4935290871775662,4.206886230751075,30.169810772866164
1948.625,1.4789439807381473,4.206487742330993,30.178903255277767
1951.375,1.474920715378971,4.205918863488935,30.18400152799867
1954.078,1.4598916686678296,4.205167856452859,30.196161072481054
1956.797,1.4662978124245496,4.205398860144476,30.20042056237901
1959.469,1.4644569984122058,4.20599188095822,30.207298563097208
1962.234,1.4507904212670242,4.205126118070501,30.22305515567348
1964.906,1.454611248222774,4.2050680968099305,30.228357338361427
1967.625,1.4552018521057635,4.205586196842144,30.23784540164269
1970.313,1.4419538184666207,4.205133765352505,30.24620737601512
1973.047,1.4382540051333517,4.205478296629517,30.2545789424344
1975.719,1.4411051531637118,4.205603275084364,30.264546769473768
1978.438,1.4410282064882525,4.205614672862223,30.264563456517983
1981.109,1.438878448891143,4.206224105773488,30.275531389093132
1983.828,1.4401632466216694,4.206658075767579,30.29487641431524
1986.516,1.4265852440395366,4.205843003886792,30.300955052601193
1989.281,1.4202563988381236,4.205595607186591,30.3071409050835
1991.953,1.4189023280097663,4.205544367134287,30.316362119668266
1994.672,1.4207804941878308,4.205503236963706,30.33134203319849
1997.344,1.4206938838487693,4.205760861781689,30.33670641080578
2000.078,1.4191177661233505,4.205965634295127,30.334268655173048
2002.734,1.4159390540054815,4.206597755417373,30.347309695109036
2005.5,1.4087867083821455,4.2058033680887394,30.346421937075363
2008.188,1.3931428448399528,4.205438637876828,30.361380057047896
2010.922,1.3984025748550202,4.205652848415813,30.367418003016255
2013.594,1.395178695984453,4.205633846448219,30.37097341519716
2016.313,1.3954502792100545,4.205824364505136,30.383186750993882
2018.984,1.3958096406869616,4.206067284675295,30.395146534285622
2021.656,1.3979507768757469,4.206301274780825,30.396609189511636
2024.375,1.3951133055962601,4.206558501046895,30.403232205816064
2027.078,1.3847423953761777,4.206093193333481,30.415483722573406
2029.828,1.377188006284958,4.20539366150752,30.424780055095155
2032.5,1.3738593039569564,4.205659706422967,30.423930978924055
2035.219,1.3750549204333922,4.205846936745314,30.432909875025384
2037.891,1.3729517003821732,4.205890958577526,30.4423915123767
2040.609,1.3706124490929548,4.206144370431086,30.447902862173944
2043.281,1.3722064313222362,4.206315743122768,30.45394183976186
2046.0,1.3732973232047287,4.206769149704911,30.451693110903136
2048.703,1.360429384189525,4.206093637193382,30.459753067250222
2051.422,1.362713933249988,4.206265443659173,30.465565879918145
2054.094,1.3646036811993103,4.206566440721638,30.475385690300655
2056.859,1.3504535421795356,4.20626329993434,30.483243073729685
2059.547,1.3422003070506177,4.2053371478090975,30.485023044412433
2062.266,1.3385603670909807,4.205677291876071,30.49422456889454
2064.938,1.3412956344669376,4.205775891427036,30.497400212266726
2067.672,1.3379737600434924,4.206185883188722,30.507406056402957
2070.328,1.338809130274828,4.205941213266616,30.507656606601852
2073.063,1.3381546993570532,4.2064752865020685,30.528003632541708
2075.734,1.337112407166621,4.206619426021886,30.52602660646014
2078.484,1.3248874997462174,4.206047669786893,30.525552321394024
2081.188,1.3193096197490874,4.205661617322912,30.535590646348275
2083.906,1.3179524321019898,4.205324546201172,30.542054746576284
2086.578,1.3181257840540224,4.205682162504907,30.550022995547764
2089.297,1.3152758821179555,4.206170027651562,30.55078852750253
2091.969,1.315885172887825,4.206309636665784,30.557617885619607
2094.703,1.3181403125582456,4.206374335919321,30.565643089222
2097.359,1.3178645915861293,4.206921741645828,30.568792194087386
2100.125,1.3078797609062336,4.206048606527252,30.56759441809562
2102.781,1.310262588204756,4.206180379244664,30.582573450228182
2105.516,1.3044676654569476,4.20659059585402,30.5766893116791
2108.219,1.2967444905310097,4.205908369886574,30.584788374131694
2110.875,1.2925146162420784,4.206370665935486,30.590592563897637
2113.594,1.293667743209531,4.20620516153915,30.588212812468164
2116.266,1.2918400318589796,4.206678663964781,30.59971784937858
2119.031,1.2855988139386447,4.2061268736844735,30.591369757565683
2121.703,1.2844574093760275,4.206719158161577,30.604344823498554
2124.453,1.274356993766968,4.205778369138333,30.60757461443739
2127.125,1.2713651224603253,4.205890369559492,30.609461749556747
2129.844,1.2740985505878852,4.206079748636881,30.612291186842263
2132.516,1.2709144627063704,4.206816188799478,30.613529449947436
2135.266,1.262407506370732,4.205729017717913,30.62333177077262
2137.938,1.2591603629284962,4.206173435455055,30.628516652627106
2140.656,1.2609961226019626,4.206344464041578,30.628833475695007
2143.328,1.2615428132428133,4.206505423440419,30.62755374558823
2146.063,1.2551205113416815,4.2066152677983455,30.63639808343594
2148.75,1.2471538027209057,4.206328674147152,30.638855081857056
2151.484,1.2469038708301823,4.2063952853144775,30.637507704005994
2154.156,1.2501079192994367,4.206818965452078,30.631877925887355
2156.875,1.2460295716466063,4.206846543208948,30.634635271285735
2159.547,1.244743657840359,4.20688255158628,30.635192205558507
2162.266,1.2442685381122411,4.207141001355461,30.6466417427035
2164.938,1.2469887586824195,4.207590971994754,30.646097386912373
2167.688,1.2380467451009656,4.207231656076414,30.655857942926403
2170.391,1.2267779271420596,4.206453084107322,30.651418011192547
2173.109,1.2292547928733435,4.206733818395918,30.651255542909794
2175.813,1.2174090201376337,4.206213248031435,30.653591404612538
2178.531,1.213445136998807,4.20616586452791,30.652916211261505
2181.203,1.216878676765123,4.206636452969043,30.65628260350152
2183.953,1.2035850000238284,4.206139903136296,30.66420577600541
2186.625,1.2051087785442476,4.206031691282033,30.660005140998773
2189.359,1.2046798093511593,4.206333529447725,30.659030929011102
2192.094,1.2008837704224622,4.206674312950487,30.66168871431902
2194.781,1.193852413155578,4.205788663424829,30.653937855225358
2197.5,1.194993773919023,4.206236108715358,30.666392947120137
2200.172,1.1928763378580125,4.206441238319418,30.67252755663762
2202.891,1.1926441846252613,4.206810912661443,30.663242313501865
2205.609,1.1918660886053265,4.2068147204797715,30.663674212557233
2208.328,1.1916630427430188,4.206978041624015,30.662572773412833
2211.0,1.1903397594327676,4.207287375187212,30.660781722279605
2213.719,1.188258187386357,4.207647605295792,30.65902525231697
2216.422,1.179296551910048,4.207037305629074,30.668587829167446
2219.172,1.1746729093945774,4.206215288304471,30.66907222351067
2221.844,1.171179478269519,4.20675840085639,30.67648939138071
2224.563,1.1719838321501745,4.207011404784383,30.675914886995614
2227.234,1.170466386463417,4.20705199363704,30.67189479368209
2229.953,1.1683463842502244,4.2073828717030715,30.66922467302101
2232.625,1.1701688082541488,4.207611886993172,30.674787364678036
2235.375,1.1607137417789275,4.206881879572864,30.67299570437132
2238.078,1.148609702867403,4.206560743350427,30.671251946174213
2240.797,1.1503739584875845,4.206892540666766,30.672033222423526
2243.469,1.1462048695918752,4.206758671287994,30.67388568603748
2246.203,1.145472425445089,4.207051227544196,30.67169015777411
2248.875,1.1440397909172926,4.20726823532441,30.669271093293432
2251.594,1.1489879149284983,4.207823932126486,30.666783379323615
2254.297,1.1383280479401792,4.206937342175564,30.672256703666424
2257.016,1.1358971928335908,4.207150642949154,30.671523379788766
2259.688,1.1347150003820556,4.207353070433845,30.66347088673548
2262.406,1.1351233369904676,4.207616380627438,30.669781002870117
2265.109,1.1277127930721078,4.207072097764956,30.662321467053758
2267.828,1.1221024160724349,4.207261135229943,30.660620978341388
2270.5,1.1234671901202875,4.207417977247932,30.660226204573913
2273.281,1.1211835607250373,4.207607494279423,30.652368206997995
2276.031,1.112206688168669,4.206951149398061,30.653534869096713
2278.688,1.110127119600912,4.207279419178745,30.65548485695168
2281.406,1.1126552332961677,4.207526269883632,30.65013267715213
2284.078,1.110477658570605,4.2077389122183035,30.642769970195882
2286.844,1.1019780964866275,4.207179092271712,30.653679459360465
2289.531,1.093293719115544,4.206479666181334,30.648947598842902
2292.25,1.0897132370494393,4.206480130057631,30.642128172108144
2294.922,1.0914073279112424,4.206836481693647,30.639719802495208
2297.641,1.092767463256292,4.206987881991704,30.6413812271977
2300.313,1.0916674747534678,4.2077009616445595,30.636965739843475
2303.422,1.0816422623132493,4.206924785195348,30.636526089043123
2306.25,1.0785424634993184,4.207141212219597,30.628593476186484
2309.094,1.0800066333198224,4.207204204161087,30.627995950245374
2311.938,1.076921223893281,4.207681354846988,30.622088620637356
2314.797,1.070985409782251,4.207058507700425,30.618039622705666
2317.641,1.071885801074852,4.207070587411583,30.617504663261236
2320.469,1.0724742564739613,4.207354617690644,30.614957010214727
2323.313,1.0685099684840214,4.207846431646386,30.615536678952324
2326.188,1.057456334139367,4.207312893293503,30.61154315684814
2329.016,1.057607057763373,4.207444797171848,30.611047615608204
2331.859,1.0586982088045682,4.20739278227651,30.599732488408605
2334.703,1.0589174668674148,4.207924262758862,30.59315786401594
2337.563,1.0463037870726155,4.207319982486609,30.58681109188461
2340.406,1.0470895519071757,4.207306761826434,30.5926575617514
2343.234,1.0480395228006334,4.207778503894908,30.57850755182473
2346.109,1.0378396996450987,4.207139139809122,30.58378619345757
2348.938,1.0370624269920217,4.207024145226963,30.57823586636749
2351.766,1.0389431413636996,4.20751822664667,30.57306504749983
2354.625,1.0327161873639017,4.207681839038201,30.572245351367272
2357.5,1.0268331159660902,4.207192702994964,30.561545747971618
2360.344,1.0239623406658218,4.207163790323119,30.54969111832201
2363.188,1.0241775602449272,4.207270627082982,30.544647880831576
2366.031,1.0224435418352236,4.207536099045063,30.532918661509093
2368.891,1.0217690124333048,4.2079462934731096,30.533855902115558
2371.734,1.022294152905962,4.208021688800307,30.536616050839612
2374.578,1.0197549030328577,4.208457597453907,30.520940667439678
2377.438,1.023567227358123,4.208479287834019,30.521201396578473
2380.25,1.0202533586704914,4.20884458525605,30.519703110096234
2383.094,1.0135828566557468,4.208445707893837,30.51424314057365
2385.938,0.9997921133270185,4.207751341566429,30.504678932770712
2388.797,1.0044964546841306,4.208002423578974,30.50312538371464
2391.656,1.0017708355776345,4.207981412948587,30.4930361020458
2394.531,1.0009096749179354,4.208195640954396,30.50350298209502
2397.344,1.0016345263981339,4.208465961493921,30.483288076030778
2400.156,0.9973066427977911,4.208413770619808,30.48168539836946
2403.016,0.9985100282049648,4.208769370547186,30.47452355285686
2405.906,0.9901386910933869,4.208149864025333,30.473864720383773
2408.828,0.9796875933394724,4.20748534516418,30.464700015148562
2411.703,0.981786073199338,4.20797578085971,30.45123041445351
2414.594,0.9692479759707806,4.207221090124703,30.45214933677532
2417.484,0.9702064829989158,4.207437536918872,30.44226906287186
2420.297,0.96843864185919,4.207235965995353,30.439374582958134
2423.109,0.9675913508174007,4.207406232190842,30.43700341666079
2425.953,0.9701031668179702,4.207860274294923,30.427184777731277
2428.828,0.9659859613195562,4.208026744118157,30.419320213307206
2431.703,0.9659375369238391,4.208429222842133,30.41229477979451
2434.578,0.9640128988890198,4.208525156110002,30.40779027041805
2437.391,0.9632775399074861,4.208777523805045,30.412453664538276
2440.234,0.9539868441130926,4.208009230280088,30.39233984519758
2443.109,0.9451147169375609,4.20755023764188,30.395788121104044
2445.984,0.944780051300423,4.207553546951449,30.380227940617097
2448.875,0.9462567049575237,4.207595742608302,30.375253044744163
2451.75,0.9463259569696775,4.2076203935409,30.367104503051227
2454.625,0.9461844574876765,4.208140943702611,30.36622579455902
2457.5,0.9437302482698973,4.208279905772217,30.362054230721412
2460.313,0.9448862694086912,4.208333664185393,30.345958431828688
2463.125,0.9401543772159188,4.208827050110386,30.3498284029228
2466.0,0.9357694232769631,4.207844270714851,30.3438266776651
2468.922,0.9221981242472859,4.207307325889975,30.32863376023018
2471.797,0.921828282047844,4.2073848159250575,30.3266702510887
2474.672,0.9225205591396958,4.20748202880047,30.31900993371627
2477.547,0.924895490135201,4.207638488031488,30.307434533537563
2480.422,0.9235906725314114,4.207864198636084,30.30591576715865
2483.25,0.9217814473855646,4.207927627012618,30.29689263510597
2486.078,0.9238591573177836,4.208274862457297,30.286091878440644
2488.938,0.9194957341011075,4.208387600577623,30.280194634190707
2491.828,0.9216729049173953,4.208657409920538,30.272474905019894
2494.734,0.9078263623561762,4.208090958284787,30.26329926015794
2497.609,0.9111518509589441,4.208185307005753,30.25726249880098
2500.5,0.9129684366565709,4.208216379094845,30.251710139203386
2503.375,0.9134933171686419,4.208265501663157,30.247218791265194
2506.25,0.9099017468724934,4.208472363591832,30.23548965050228
2509.141,0.9099040837259484,4.208954023574887,30.238406282709743
2512.031,0.8993130845437308,4.208408556455539,30.220803042341544
2514.922,0.902080097216015,4.208441667214524,30.205555620040474
2517.734,0.9008521538359497,4.208474522490584,30.207380969235338
2520.547,0.9006875876877024,4.208514200620481,30.201022584887756
2523.391,0.8974883966867746,4.208623610520337,30.190902259360932
2526.281,0.8912329123233508,4.207979700091208,30.18311639673156
2529.156,0.886479957609278,4.208268106405277,30.17878527119437
2532.047,0.8855392083006981,4.20822726858366,30.164813321255462
2534.859,0.8841516172371817,4.208839752268625,30.161230853361392
2537.703,0.8786521138876756,4.207798985323307,30.160390014495647
2540.547,0.8755623771062666,4.208088523934902,30.15899597871772
2543.422,0.8762489872808802,4.208205705982146,30.14700607325087
2546.297,0.875458252385496,4.208547762299488,30.135919813899495
2549.172,0.8789448284613679,4.208473031013766,30.131290033928654
2552.063,0.8792840775208736,4.2086925360000516,30.127748658688642
2554.969,0.8639994445821458,4.207893149298474,30.121143253856502
2557.844,0.8685616389286486,4.2079193309432785,30.11142070967902
2560.734,0.866082360922524,4.208395935550089,30.100371658112493
2563.609,0.8667090623665946,4.208530965756262,30.100527521816964
2566.5,0.8645356988776329,4.2085786163906524,30.08424171800784
2569.406,0.8541271309349522,4.208149470495527,30.081480975884926
2572.281,0.8551304401756507,4.207985211570016,30.06864105946121
2575.156,0.8556119130720363,4.208142237385576,30.06437473319053
2578.031,0.8560920119418781,4.2084057660183305,30.056341367983592
2580.859,0.8519994663806011,4.2083517546116544,30.045536957953875
2583.672,0.851379150986553,4.208429160522546,30.044086047642615
2586.516,0.8554607242470803,4.208700316421318,30.022345604195056
2589.406,0.8416422011248434,4.2079627549968945,30.016948901615315
2592.281,0.84318966632569,4.208085165867264,30.016953412772644
2595.156,0.8419201285370358,4.20826657293191,30.008413177019868
2597.984,0.8425790750030542,4.208454078560458,29.998158396362374
2600.797,0.842136839519038,4.208545422522503,29.99802939247258
2603.641,0.8390988891565541,4.208611425617823,29.99203354962159
2606.531,0.8323079587620156,4.207790499507738,29.976918271691815
2609.406,0.8325322405128625,4.208129941488581,29.97110760585642
2612.25,0.829067131875395,4.208019407081775,29.96504313224483
2615.078,0.8337141860421141,4.208365530746725,29.95213875681893
2617.953,0.8330489514003696,4.208716861415914,29.94919038393525
2620.844,0.8222702177653225,4.207757409520087,29.94388804340346
2623.734,0.8209564590240623,4.207962056877954,29.933365122920375
2626.688,0.8200571784878201,4.208023916001969,29.92244578493816
2629.484,0.8243553427713286,4.2080451339342195,29.917081105289842
2632.328,0.82191464275554,4.208103491775697,29.912823474167414
2635.188,0.8203731211314391,4.208393625293439,29.90147284211383
2638.063,0.8173916120947426,4.208506265537592,29.90171099051415
2640.938,0.8180352413777129,4.208759413131702,29.89912314377451
2643.859,0.8113221948143718,4.207855519313139,29.887913584463902
2646.734,0.8096423825051999,4.208239664988557,29.882098982602567
2649.625,0.8076354960963777,4.208150917445562,29.875191647418607
2652.5,0.8054919330784652,4.208316727439944,29.860907679646964
2655.375,0.8108966667072288,4.208547364706691,29.849788439129064
2658.203,0.80800947703598,4.208982665929469,29.836920392361826
2661.047,0.7987506545343201,4.208034531621542,29.827084318067367
2663.891,0.7973714780853072,4.208051266848723,29.82595262034142
2666.766,0.7960519259058768,4.208064901925525,29.8148963196537
2669.656,0.7978825444128252,4.208243780946933,29.81160028444538
2672.531,0.7970920440330237,4.20818423729704,29.79820154809162
2675.406,0.7981680488066805,4.208340083671055,29.78834197353154
2678.328,0.7859273078082506,4.207692163196793,29.78454863634071
2681.234,0.787835369431783,4.2078537853243345,29.76734609694235
2684.047,0.7830564483025828,4.208063435401612,29.76900231296143
2686.875,0.7872827004246412,4.208246465217398,29.769322614061654
2689.766,0.7846970058787829,4.208240091215372,29.75844302897882
2692.641,0.7871938834543152,4.208386558026481,29.7493763574425
2695.516,0.7852004062557978,4.20845560282015,29.733874170579995
2698.375,0.7726823233587731,4.207843842935187,29.729047044999824
2701.188,0.7787947267476834,4.208056225675035,29.723877815700686
2704.031,0.7780014513651786,4.207818793531339,29.714328082024625
2706.906,0.7770013338096724,4.208131222732818,29.71392058437051
2709.781,0.7762461637659374,4.208310441100129,29.701050387124784
2712.672,0.774656334906291,4.208413608608191,29.699203197885005
2715.547,0.7770864963303572,4.208401361331991,29.68653445580169
2718.781,0.7726057344553969,4.2086688321587244,29.681385978546494
2721.766,0.7743950107319362,4.208740464156193,29.673547348386652
2724.703,0.7739586951413815,4.2086455472941875,29.666651397650906
2727.625,0.7731551159100987,4.208983783671706,29.655379331309064
2730.563,0.7741688903921746,4.209054632095053,29.648092337885366
2733.484,0.7721365841839356,4.2094113854487585,29.637046558857815
2736.422,0.7516875533443098,4.207790450349556,29.634673313202747
2739.359,0.7434618363085759,4.206926185628538,29.617037270718953
2742.406,0.746614457957613,4.207019502574727,29.617336930919475
2745.422,0.7345526635436592,4.206105489212154,29.59988718324769
2748.359,0.7257635793321362,4.205578254522867,29.593450046062973
2751.328,0.7228850319137645,4.205445815999419,29.582030117144686
2754.266,0.7259923015842827,4.205538662424053,29.580256148163738
2757.188,0.7253049508487487,4.205734445258246,29.562098766028516
2760.094,0.7262684280385067,4.205525126254405,29.562857804893476
2763.031,0.7228834304580335,4.205682142672578,29.559760433249455
2766.031,0.7265249451115132,4.206000879191772,29.5461280448521
2768.938,0.7238931694606935,4.2058256885150245,29.545810144714157
2771.938,0.724306405551135,4.205779846014704,29.54238641358307
2774.938,0.7236736264183327,4.205944051443699,29.528582197045488
2777.859,0.7243143187197209,4.206255488678879,29.51564351271443
2780.766,0.7235168791473184,4.206084366608414,29.50005409851158
2783.688,0.7225303838655346,4.206206017665476,29.503196685878816
2786.594,0.7205756607811127,4.206112465517433,29.48023765720583
2789.5,0.7207677109359727,4.206559409749308,29.480759254220374
2792.469,0.7208384778795413,4.206789748389892,29.47361141559849
2795.406,0.7247091466311595,4.206549426264743,29.466494148024015
2798.359,0.7139622618246747,4.20602796668586,29.45646821043465
2801.266,0.7106165035639892,4.206139256817369,29.44144273261405
2804.203,0.7135154221134433,4.206213669708307,29.444673620891447
2807.141,0.7160578475106202,4.206063574657812,29.437576934141557
2810.141,0.7141374482841711,4.206412908540557,29.42884782094454
2813.047,0.711047998600133,4.206444866420752,29.42018569565769
2816.063,0.7106059100328382,4.206224722635258,29.415878150323525
2818.984,0.711190470887945,4.206410219585528,29.40492263010262
2821.906,0.7109520928931476,4.206460599254506,29.398681365247317
2824.813,0.7117217891223452,4.206647480606651,29.38745884809135
2827.719,0.7067787665249884,4.206930627544113,29.377752457389224
2830.625,0.7063884407082597,4.207248315918926,29.368475489172805
2833.547,0.7104793775801012,4.207399718647443,29.367064989265103
2836.578,0.7099812739886342,4.207504401134537,29.35087842205215
2839.578,0.7120505778128837,4.207486668010184,29.35538306234524
2842.516,0.7005897109327743,4.206613330884413,29.352276677652185
2845.438,0.7012402134322504,4.207001171568704,29.342786534880645
2848.344,0.7004047375427347,4.207161625713725,29.329492153666106
2851.25,0.6977525351399471,4.207099899689323,29.32639964577022
2854.172,0.7008307532393271,4.207232034037266,29.32333337580728
2857.078,0.6954061743680209,4.207338691848749,29.30924308369749
2859.984,0.700958758053667,4.2074304062653605,29.307184865975504
2862.891,0.7003566436922944,4.208027374166476,29.29272741609728
2865.813,0.6996815618700747,4.207508138639367,29.28579633204159
2868.75,0.690045583101901,4.206943507638418,29.28068063623523
2871.688,0.6769535936878434,4.206637409446309,29.285131125735667
2874.609,0.6805245319534462,4.206080029462522,29.277544201742753
2877.516,0.6764877880751371,4.206087537677264,29.264135923812027
2880.438,0.6778073165181603,4.206341381682291,29.25266840268528
2883.344,0.6760645204763649,4.206678989860229,29.24753811376553
2886.25,0.6790478511195782,4.206774270466182,29.2396681129249
2889.156,0.6759467876220795,4.206774430655307,29.234881238571617
2892.063,0.6749589741851894,4.206890013902131,29.229322439422567
2894.969,0.6783724892021543,4.206912688440408,29.222659085364754
2897.891,0.6766975478127595,4.207020455234173,29.220386012254288
2900.797,0.6786825445167591,4.207037334331985,29.214234500497202
2903.75,0.6754587800655848,4.207435830565212,29.205304884538634
2906.656,0.673147137089827,4.207424276897658,29.192437580849365
2909.594,0.6678840347231585,4.206535276466433,29.19015774390869
2912.531,0.6566472876339715,4.205757333272683,29.1775843182847
2915.438,0.6568799621707757,4.205669714630215,29.167142056923357
2918.375,0.6463586232804811,4.205068135985346,29.1625564915048
2921.391,0.646104757579634,4.204779806673296,29.157898198052692
2924.328,0.6375933459287617,4.204153279075896,29.154621631691235
2927.25,0.6374344933239245,4.204193961247166,29.152914684716208
2930.156,0.6360612228789593,4.204333202938569,29.136989289649815
2933.063,0.638123965152367,4.20440561521143,29.12826586803518
2935.969,0.637494044395394,4.204540914708209,29.12053819051633
2938.891,0.6369597878731558,4.204607487183808,29.118035526222172
2941.844,0.6301505932614495,4.203920246586822,29.11477019843339
2944.859,0.636214777051175,4.204459458602502,29.0992096956922
2947.781,0.6353222427395288,4.204461050185059,29.102216284886506
2950.688,0.6379382933310942,4.204799722283788,29.093262117390164
2953.625,0.6257794823544351,4.204122945495676,29.08511535053156
2956.625,0.625907829872029,4.203583777036111,29.069916214223042
2959.641,0.6373424456415576,4.204638459500064,29.064551688617158
2962.563,0.6358496083656157,4.205073185263105,29.063837308698893
2965.531,0.6288097632957851,4.204147353914905,29.06236264276781
2968.469,0.6299204633071854,4.204284391036951,29.046336766534296
2971.469,0.6357657440624122,4.205060322205462,29.039366710529016
2974.375,0.6357543219078414,4.205495145054692,29.030815853901107
2977.297,0.6323786894769593,4.205327768002728,29.026608592191714
2980.203,0.6368651461023871,4.2055049305040155,29.008565309505943
2983.109,0.6368928240308255,4.205634251931737,29.009534902582583
2986.031,0.6403085048760272,4.205837253704868,29.011792436089877
2988.938,0.6317146851800928,4.205973530159426,28.988817075905036
2991.844,0.6330372541880128,4.206181641241039,28.986848607489506
2994.766,0.6300091295074088,4.20620247802374,28.98323016979835
2997.672,0.633823456131433,4.206253626822964,28.974633045504955
3000.641,0.623295821292873,4.205352049829646,28.966944443749988
3003.609,0.6235541135201488,4.20559701708037,28.953029412256864
3006.672,0.6221542324656737,4.205554409555848,28.953087291423167
3009.641,0.6148142401854135,4.204958768328803,28.948499285581757
3012.594,0.6041431942084919,4.204343182864652,28.933117864685993
3015.547,0.6058822884140941,4.20430796439077,28.92854197979455
3018.5,0.6059417983874253,4.204180594026669,28.923650951421557
3021.516,0.6047743969726891,4.2042191332381,28.920051397502757
3024.563,0.6047889081942666,4.204132052327932,28.91354702204092
3027.469,0.602466227022934,4.204415972109798,28.905593680643264
3030.422,0.6053953898941054,4.204712418843205,28.900349687577798
3033.391,0.6021408284652786,4.204357628343869,28.89294936921321
3036.328,0.6034576226558018,4.204505089775423,28.880467616865634
3039.297,0.6019255021050306,4.2048782531600715,28.87298442526931
3042.328,0.5902461510156438,4.203967005812041,28.860268208950895
3045.359,0.603881917500898,4.204729141971664,28.862133770425416
3048.375,0.5924830635860023,4.203880314957382,28.848283053206504
3051.391,0.6019513569852022,4.204879979569179,28.844974583434798
3054.438,0.6012415353992081,4.2052873439815786,28.84018191184037
3057.453,0.6025306924456759,4.204944461075712,28.83392484398466
3060.484,0.5931650130195795,4.2044217038729474,28.821481193751925
3063.5,0.5813804986865725,4.203511849601148,28.814036711095202
3066.422,0.5835108481740036,4.2033972948950895,28.808641166225094
3069.344,0.5811340151769128,4.203579511041662,28.80660238956569
3072.25,0.5828794665088092,4.2038261953058145,28.801048481016608
3075.156,0.5838312286814012,4.203673515999041,28.78817368579751
3078.063,0.5813589650322646,4.203743211402825,28.77867506691379
3080.969,0.5803258918545857,4.203734588894378,28.77288623561587
3083.891,0.5803729587686562,4.203877002146396,28.779292528869036
3086.797,0.583932741963319,4.204019951221827,28.772472644512334
3089.719,0.5819905515703457,4.203918389357273,28.75970711950671
3092.625,0.5827088357761406,4.204138184514121,28.76197713940811
3095.563,0.5813804211638095,4.204282289158243,28.75300790419922
3098.469,0.5788315788176874,4.20427869391646,28.739997753031037
3101.375,0.5797084275884631,4.204300442546157,28.7271930076335
3104.281,0.5813772246264204,4.204759455357451,28.720049440383573
3107.281,0.5700382779321351,4.20397582073346,28.71391897205461
3110.188,0.574476989386825,4.203790901516625,28.709880569789103
3113.109,0.5682956591014947,4.203756386337219,28.702215659648438
3116.016,0.5720082191682775,4.203875083984697,28.699800548094178
3118.922,0.572633304179865,4.203903196728142,28.693742118487346
3121.844,0.5707286878470815,4.204203107772593,28.67420910765305
3124.75,0.5695600497926065,4.204414765153631,28.673431042068913
3127.656,0.570863853467765,4.204395239697314,28.67392309217101
3130.563,0.5728745412007035,4.204262569023337,28.663027100852155
3133.484,0.569031598020433,4.204465823078,28.665850775573553
3136.391,0.56765982121397,4.204605003656749,28.658791926336097
3139.359,0.5600432390785371,4.20378881309503,28.65426973951877
3142.313,0.5586525157941958,4.2039022966084545,28.654504784099032
3145.281,0.5585942121422038,4.2041180488884695,28.642298154102274
3148.203,0.5609157558477488,4.203899624375271,28.638166234878963
3151.125,0.5567502869920581,4.203979931151441,28.633414636022295
3154.031,0.5583499304731361,4.204232841317952,28.61800932284823
3156.938,0.560358826136474,4.204238715196918,28.616351882836078
3159.844,0.5581909106761087,4.204188332551341,28.61033532215442
3162.75,0.5596193825184912,4.204436043131261,28.60354656149463
3165.672,0.5595480255643034,4.204215578672957,28.60296529936974
3168.578,0.556018742973228,4.20456703784131,28.588574438329214
3171.531,0.544960840643891,4.203655415124314,28.5813515463833
3174.5,0.5571899413149891,4.2045432274562,28.587886136188438
3177.406,0.5564357799089767,4.204668242596527,28.574019733922
3180.391,0.5470407955857797,4.204258584592054,28.56990646610318
3183.328,0.5483693748924007,4.2040227040366585,28.556072225192874
3186.25,0.5486234330138913,4.204213531153809,28.557141232685762
3189.188,0.5492757280151701,4.204042148788407,28.55237496992981
3192.172,0.5461278952020072,4.204110957670246,28.543825087927267
3195.219,0.5457741137846329,4.204489642458644,28.54074539409173
3198.219,0.5442853680044089,4.204450644976003,28.53248912730768
3201.156,0.5549649675505909,4.205541298214946,28.521356734865755
3204.125,0.5464839253383593,4.204700953655479,28.522152208892766
3207.094,0.5376388147393941,4.203945113511628,28.514122648115602
3210.016,0.5383581762509048,4.204015255539952,28.502214551141165
3212.938,0.5375575312295943,4.204086006707239,28.494231599143056
3215.844,0.5378369435028764,4.204055819726455,28.489162266367632
3218.75,0.5365769253619712,4.204198630174472,28.490849380976428
3221.656,0.5375378881188421,4.204237322101178,28.48027315115159
3224.594,0.5455628143935496,4.205314806916376,28.480614270616858
3227.563,0.5371198185688284,4.204330142876429,28.472123652079233
3230.484,0.5350086416357459,4.204526705892801,28.464065703913448
3233.391,0.535971920519621,4.204845409911727,28.45648272952613
3236.328,0.5233339454872611,4.2038191636770135,28.447606129686342
3239.234,0.5264611900267455,4.2037071519866736,28.438276701435836
3242.141,0.5259153220663847,4.203859534941256,28.438917203475082
3245.063,0.5244834568392837,4.2038750571834305,28.4418878817985
3247.969,0.5212307575357795,4.203973908705554,28.435974868990282
3250.875,0.5251114419339127,4.203891011798713,28.419383226339576
3253.797,0.5257778918412562,4.204183515314227,28.421255642923004
3256.703,0.5271036805996975,4.204330421752776,28.414176285202416
3259.609,0.5240337194921598,4.204267500559135,28.400795032184174
3262.516,0.523639962471221,4.2045017192774425,28.385767394666182
3265.438,0.5278359018366134,4.204308394870055,28.379263470619506
3268.359,0.5244812036758149,4.204590856676569,28.378764719459447
3271.297,0.514877328770038,4.203603094608756,28.37851978976263
3274.203,0.5119553049142439,4.203825572589729,28.37904879389767
3277.125,0.5148594606202184,4.203980206429464,28.372470473705643
3280.031,0.5145628381835925,4.204123304992682,28.374624490420835
3282.938,0.512877520268349,4.203778975099644,28.360751633484043
3285.859,0.5152978324548275,4.203886956691195,28.350972106429264
3288.766,0.5129442880640298,4.204297215607505,28.345865696035737
3291.672,0.5115287898322848,4.204149905016847,28.343015397333215
3294.578,0.5142494135834219,4.204151011336784,28.34134920850831
3297.484,0.5132137740700485,4.204000860353933,28.33862000981068
3300.406,0.5152409568685739,4.204500173963618,28.324012546902566
3303.344,0.511683925388672,4.204373629192071,28.320476054960455
3306.25,0.5143453606671674,4.204761782669268,28.31320459393824
3309.156,0.5118423900076955,4.204650045912045,28.301891231617905
3312.063,0.5133646625127233,4.204954319829423,28.29980092835296
3314.984,0.5136291531726958,4.204965776613684,28.29874382444581
3317.906,0.5126156064903195,4.2047527693096685,28.293573264750332
3320.813,0.5110173446514816,4.20513774352589,28.287495052806303
3323.719,0.5111629164637869,4.205042317758377,28.27487324104621
3326.641,0.5125641340545297,4.205088859528176,28.273526559790085
3329.547,0.5065267569986397,4.205409296603622,28.268792922630556
3332.469,0.5106027356863555,4.205528954145948,28.261155339597543
3335.375,0.5096472331709992,4.205475984711383,28.248485943132824
3338.297,0.5143840728325593,4.2054081929997,28.2459134281297
3341.203,0.5083149984691241,4.205813201853649,28.23904659998854
3344.141,0.5014238636657574,4.2054758384206234,28.231176722235656
3347.078,0.49111004664132585,4.2042112183719444,28.224242499267895
3349.984,0.49329822761524855,4.204148912308502,28.21936888499355
3352.891,0.4927044182299405,4.204359255798425,28.21052131839942
3355.797,0.4901109654509471,4.204444489418865,28.215887214485605
3358.719,0.4903128296728807,4.20458005772984,28.20503483572246
3361.625,0.49274200190130807,4.204216874498952,28.19123413769028
3364.531,0.49342697828757076,4.204446265547278,28.182507714157143
3367.438,0.4901709888007076,4.204289455525378,28.17891523543866
3370.344,0.490498202825075,4.20459920909044,28.187857604095207
3373.266,0.48951645711114966,4.204639503527496,28.17762407195023
3376.172,0.48812916087268776,4.204839440636438,28.167320728320476
3379.109,0.4874679720578658,4.204892492510245,28.163058086091596
3382.016,0.4881935115856159,4.204709215464528,28.155905371819692
3384.922,0.48818024077884065,4.2047751962806315,28.147245268521985
3387.844,0.4899895817867262,4.205237756586705,28.14402911602848
3390.75,0.489519423388949,4.205073368680333,28.14141200722584
3393.656,0.4866294904259574,4.2053074966620825,28.138199826121916
3396.578,0.48832737284049177,4.205131931102904,28.13980319210962
3399.5,0.4900160885657854,4.205459701118201,28.134408406902136
3402.531,0.4880669984877313,4.2051977655707855,28.12129058916908
3405.438,0.4848480370587414,4.205557709912694,28.118966288665106
3408.375,0.47612531225205695,4.204862691310309,28.11548171757339
3411.313,0.4654978742283419,4.2040702448332405,28.109062072451604
3414.219,0.4694619785306618,4.204021993432249,28.108316521153153
3417.125,0.47285629717076877,4.204158807637817,28.096278542301093
3420.047,0.4677741214396211,4.204022192970231,28.09427233469471
3422.969,0.4676159121791821,4.2041237232920485,28.091588364303288
3425.875,0.46847566117711614,4.204242863255431,28.087300302547128
3428.797,0.4682851316588519,4.2039636024810925,28.08501881755017
3431.703,0.469846967897112,4.204156943140254,28.075517824940853
3434.609,0.4665480062451405,4.204312063422738,28.066877125121643
3437.531,0.46927594548401436,4.204292477029028,28.06219299923314
3440.438,0.46729920876502173,4.204424692479832,28.05794861973225
3443.375,0.46858739952253275,4.204645098181795,28.045751388817642
3446.313,0.4595587998015611,4.203740310478646,28.045290271977386
3449.297,0.45656249559281536,4.203778384680499,28.039444472069544
3452.25,0.45797191726871805,4.203815862556494,28.041568419016198
3455.203,0.46038228644347423,4.203701134923028,28.026933487514437
3458.125,0.45890215708395593,4.204085289135147,28.02675674458531
3461.031,0.4574430884871845,4.204200080731031,28.01751381021632
3463.938,0.4580007648726315,4.204071604442589,28.012371419852006
3466.844,0.45576700629326794,4.20394275179289,28.007060478170654
3469.766,0.4563450755743283,4.204274695826315,28.008792951373007
3472.672,0.45528586671338195,4.2042096165640155,27.998928008627846
3475.578,0.45855340497630714,4.2042791825403985,27.996837012873208
3478.484,0.4584063874254905,4.204311012404877,27.989096238839267
3481.406,0.4557949143211994,4.204463214796716,27.984635986600733
3484.313,0.45574657509422706,4.2045954959003575,27.981671812759025
3487.234,0.4568933892542979,4.2043891814759675,27.978450262745795
3490.141,0.45986838144000464,4.204445306133465,27.965869042636637
3493.047,0.45916914037872714,4.204594637602684,27.967352056911377
3495.953,0.45643876391650007,4.204577280627142,27.95825714908842
3498.859,0.45964743077481357,4.204918357884527,27.95971059368867
3501.781,0.45692500480473347,4.205080341412477,27.952457277110284
3504.688,0.4539004026437489,4.204866071600979,27.946290360126152
3507.594,0.4594351586896716,4.204976861226612,27.943792065994046
3510.516,0.45711128356067726,4.20522941189889,27.939166805818935
3513.422,0.4547383881747864,4.204965953849601,27.92928962918982
3516.328,0.4556157294697305,4.2051273812851875,27.928089131791996
3519.266,0.45906818604627214,4.205251712814483,27.929880976351562
3522.188,0.45329721046645094,4.205198484645433,27.919737578845254
3525.094,0.45363521494007747,4.2056190835514204,27.904576495946657
3528.031,0.4445919788454073,4.204724176952245,27.89914533573631
3530.969,0.43444724480434566,4.203870165734426,27.89077629459421
3533.875,0.4332949689742,4.204128957650413,27.885876955849337
3536.781,0.43448052012897226,4.204011013389297,27.880415359959372
3539.703,0.4325113912948431,4.204113284975932,27.8754794273054
3542.609,0.4377162643538099,4.203880065887756,27.87321121089776
3545.516,0.43713041095823973,4.204415836050342,27.87182550131866
3548.422,0.43350522691045096,4.204163188424687,27.869214271075002
3551.328,0.4356625469774294,4.20426875488405,27.863640767343174
3554.234,0.43398370050196455,4.204114516823406,27.856066538703583
3557.156,0.4313268411506169,4.204240983784732,27.854121306738516
3560.063,0.4342710258285995,4.204400608758025,27.850275903267242
3563.0,0.436568271266946,4.204521635218981,27.843200563413426
3565.906,0.4354830028464868,4.20447960909973,27.833462834210305
3568.813,0.4364403820487015,4.204523885257889,27.828255213178352
3571.719,0.4347113395287021,4.204339056640842,27.828738001415722
3574.641,0.4341005073934815,4.204729770041146,27.826641565235704
3577.547,0.4344376204909853,4.204591062414135,27.815082828261616
3580.453,0.4327534695780231,4.2049367993352655,27.807231091735723
3583.359,0.43396531129301735,4.2047681335328475,27.80718664264316
3586.266,0.432352249635963,4.204768048345383,27.80692796004035
3589.172,0.4291374463518998,4.205192284889183,27.81170519680848
3592.094,0.4335698251754324,4.20509760628163,27.799608789091387
3595.0,0.43640651441772627,4.205113033769448,27.793895801356538
3597.922,0.4327342220210828,4.205113724614051,27.78680604999301
3600.828,0.4345382248115751,4.205203016025548,27.784282761567653
3603.734,0.4318927250322926,4.205422022200547,27.78021799636433
3606.641,0.43097389801538194,4.205461354580349,27.76760505226748
3609.563,0.43272318979910496,4.205730374418027,27.772746988692933
3612.484,0.42195854243851194,4.205008864643808,27.764308841344246
3615.438,0.41164640123252105,4.204141038490925,27.763160702334858
3618.344,0.41088822061308766,4.20372227282957,27.753585400589202
3621.25,0.4134056328400137,4.204005071759069,27.75278348587343
3624.172,0.41255730308864025,4.204244800935398,27.750366714662817
3627.078,0.4153758231317332,4.203762987684669,27.739375183926544
3629.984,0.4119023916225695,4.20416592615012,27.731344163034418
3632.906,0.41484787254036926,4.204020714253529,27.735519333043804
3635.813,0.4133094607834143,4.204104334570232,27.732604801352725
3638.719,0.40769288354156824,4.204360145678145,27.728167647740175
3641.641,0.4129571033470419,4.204215095442009,27.718951158388602
3644.547,0.4128317505231663,4.204421784713915,27.71410331553681
3647.484,0.41232222300064186,4.204132781580975,27.706515272071023
3650.391,0.41552322704919636,4.204467778730844,27.699162538397772
3653.297,0.41116362764824205,4.204443958359374,27.69796620115785
3656.203,0.4099082957190937,4.204711614602016,27.69283933109378
3659.125,0.4130415959014591,4.204551698395616,27.69676812449703
3662.031,0.41734185220583314,4.204502360276666,27.69099662372813
3664.938,0.40689594287178715,4.204812979660314,27.686205438050298
3667.844,0.41050662740133426,4.204834750595955,27.68221203299096
3670.75,0.41081999286409837,4.20495932858355,27.673797974704442
3673.672,0.4120943396355971,4.204561052101866,27.66717119649959
3676.578,0.41069853884167284,4.20504533927398,27.671228971729388
3679.5,0.4105047249379701,4.205363179083333,27.659449191843105
3682.406,0.41101281468654477,4.205206849898866,27.64953306962749
3685.328,0.40990412878020016,4.205196712768831,27.65757644817772
3688.234,0.40663474379839554,4.2054434170928054,27.642738254846233
3691.141,0.4067122515791068,4.205584320061822,27.63975050642531
3694.078,0.3994849841256419,4.204809122077969,27.627799751464867
3696.984,0.40028422903768673,4.204590488641714,27.631838458554924
3699.906,0.39804516135746626,4.204504385133975,27.627556216811332
3702.813,0.40012729802884156,4.204939236886132,27.619045647629804
3705.719,0.40170021583920684,4.20459967738979,27.611808347317996
3708.625,0.3980821703502722,4.2048335625663205,27.60115681717516
3711.531,0.3981699245253393,4.204976376615312,27.60978447769742
3714.453,0.3998669982723855,4.204739448357897,27.59773485858393
3717.359,0.3934551185022619,4.204942970920575,27.599664323098146
3720.266,0.40077901457183374,4.204862978394088,27.58888001535632
3723.188,0.39668088687488695,4.205011084117325,27.58493838311084
3726.125,0.39883392049068056,4.20510365802839,27.58137210758057
3729.094,0.39661109845381104,4.205159788173303,27.584042375638873
3732.031,0.3955142455936784,4.2055187686716895,27.569037643042822
3735.047,0.3975618932519916,4.2054311495493755,27.578846287660415
3737.984,0.396505658483168,4.20539770350078,27.56384392832483
3740.906,0.3981803191458623,4.20552000407212,27.56050388914473
3743.813,0.3965554150935811,4.2055648457188255,27.55399285497599
3746.75,0.3863140401108013,4.204893199579455,27.554790991538813
3749.656,0.38604402301636903,4.204747229432175,27.555706385731625
3752.563,0.3871827244372285,4.20499989666492,27.544148666409615
3755.484,0.3857007121665002,4.205080729682224,27.540747283781073
3758.391,0.39119098054244944,4.204767250112757,27.53542512989661
3761.297,0.3836147805428288,4.205155328922267,27.535146680430124
3764.219,0.384793450164948,4.2050022569209204,27.530834142322806
3767.125,0.38751887201137747,4.205180133423085,27.528256818540882
3770.031,0.3871577635609089,4.204947910740152,27.525171632847673
3772.938,0.38286661338066547,4.205369069513653,27.51762451814617
3775.844,0.38494196101064954,4.205433790463292,27.51483640049588
3778.781,0.3873828710056322,4.205010114924429,27.51026019914643
3781.703,0.3904965247870375,4.205109559694713,27.508751570404744
3784.609,0.386221190881741,4.205429420631546,27.5003461812514
3787.516,0.3844755776750738,4.205228489959166,27.499409022273294
3790.422,0.38797763175733135,4.205436674874089,27.492918819493184
3793.328,0.38454650698736964,4.205632402671213,27.48568238465422
3796.266,0.37520629913246795,4.20481450064715,27.47957369358342
3799.172,0.3770628008147215,4.204908696440988,27.47725370714941
3802.078,0.37626752737667485,4.204856025915631,27.478909889739455
3805.0,0.37730251973409984,4.204807099925986,27.466571275522895
3807.906,0.3752436865394861,4.204836025065258,27.4631529486698
3810.813,0.3752829238057123,4.205064085120886,27.45527436064749
3813.719,0.37544610827136676,4.2049701179239936,27.454346521872623
3816.641,0.37698370528427777,4.204876963394846,27.4459887377251
3819.547,0.37484133507037687,4.205369907879101,27.446386037872454
3822.469,0.37631434451225615,4.205253857692813,27.448099619815128
3825.375,0.37811034929192716,4.2053059012066605,27.445646913697068
3828.313,0.3748084112692503,4.205424848697152,27.443452115630958
3831.219,0.3748243819009244,4.20564848111601,27.43146095668713
3834.156,0.36129386231871874,4.204810904554311,27.428663628144935
3837.063,0.3668616657012255,4.204746374892884,27.42768459067459
3839.969,0.36185674205358365,4.204606164133423,27.417671780920106
3842.875,0.36583978542593987,4.204637730879332,27.416916746915444
3845.797,0.36222784983264006,4.205044177651764,27.410828191668553
3848.703,0.36838874256843074,4.204498208190008,27.40646810514064
3851.609,0.3703794407441971,4.2047149503506756,27.40653124846095
3854.531,0.3679048685176625,4.204672449819578,27.395723344202757
3857.438,0.3657811779119954,4.204912739280312,27.40181513743737
3860.344,0.3645039161539948,4.204941835426253,27.39014087530348
3863.25,0.3629660191574397,4.205043097741709,27.394893591901514
3866.188,0.3669310850679889,4.205010607912987,27.393225886101238
3869.109,0.36798940914517053,4.204967864365151,27.383444862373906
3872.016,0.3639716421952514,4.2052713222008675,27.38376894897434
3874.922,0.36685781020095737,4.204959102011604,27.382004206164307
3877.844,0.3615930846762371,4.205418220378288,27.381357256022643
3880.766,0.36470213390095363,4.205303461763782,27.364867458013737
3883.672,0.3652516461750408,4.205112979835441,27.364651803262003
3886.578,0.36348136452673335,4.205409710639299,27.352899688419775
3889.484,0.36311312338609314,4.205612363829115,27.34923445431478
3892.422,0.352960053023334,4.204772572689787,27.33810577257517
3895.344,0.3543236835210247,4.204753298264125,27.3378022968792
3898.25,0.35519034563016594,4.204659202100784,27.3383047557817
3901.156,0.3539660559858925,4.204700973991952,27.33721373643763
3904.063,0.3575651825624313,4.204749534626829,27.32906054134724
3906.969,0.35708893388007434,4.204694052874568,27.323169389694186
3909.875,0.3548847521042283,4.204789562479963,27.32522708356633
3912.797,0.3558538640781627,4.2049402320883855,27.320271897036303
3915.703,0.3544985754236832,4.204927159229001,27.32221106705404
3918.609,0.3538480994667527,4.205030791721524,27.317737960715462
3921.516,0.3524657370638235,4.204923519001553,27.304441587647254
3924.453,0.3527058695938683,4.205142938893064,27.297526306087413
3927.359,0.35449800119282543,4.20494456380091,27.2976011736357
3930.281,0.3547570831982184,4.205225706393909,27.294176792011918
3933.188,0.3548418036244705,4.204939674363277,27.291088429102714
3936.094,0.3511632975440338,4.205362108072709,27.284022356253534
3939.0,0.3563222999983162,4.205153311757793,27.276917482011722
3941.906,0.3501637685825381,4.20554597412703,27.280213644106606
3944.813,0.35220060037625334,4.205529643487519,27.27014331192968
3947.734,0.34932448052184306,4.2055262955324935,27.268235623874258
3950.641,0.3540578916038299,4.205529132191932,27.261879533396712
3953.547,0.3510963044011466,4.205810711188205,27.258492201699724
3956.484,0.3444328489529669,4.204963810505792,27.25809513763703
3959.406,0.3428840694602744,4.204859742096752,27.24766776232426
3962.313,0.3402248227549429,4.205086548228731,27.24077328814662
3965.219,0.3419680995635055,4.204995767878245,27.241104560654946
3968.125,0.34338889042012044,4.204862306327255,27.240998133276104
3971.047,0.3435635674598353,4.204904746762038,27.2268500774097
3973.953,0.34608038347133235,4.204966153666924,27.22942437150071
3976.859,0.3412667675201736,4.205051237604731,27.22694924346197
3979.781,0.3437098732397034,4.2053141594704515,27.217559977512444
3982.688,0.34476681696574635,4.205238671624199,27.217108680221124
3985.594,0.34493447053887416,4.205152698707552,27.215332846233967
3988.531,0.3446424029745112,4.205260263897564,27.218159070041214
3991.438,0.34156157313344904,4.205254258679157,27.209760895278155
3994.359,0.3415047280294591,4.205321096816726,27.207807499571533
3997.266,0.3393279367276565,4.205452112320448,27.208850682554598
4000.172,0.3422165139126342,4.205700519793232,27.189927397776074
4003.109,0.3347386722485439,4.204523672470523,27.19180071566744
4006.016,0.3304085549631539,4.204867216602215,27.188148094110517
4008.922,0.33202448571275595,4.20461615338652,27.190631019865084
4011.828,0.3311948139745154,4.204659935205911,27.19619146462812
4014.734,0.3320338622984079,4.204713239535998,27.191969601430454
4017.656,0.3326436475628037,4.204915251017578,27.184957245201844
4020.563,0.3318745192401618,4.204887637248626,27.16989723278857
4023.469,0.33111836927247995,4.204748984884452,27.164146718809345
4026.391,0.3335053665088313,4.204962191329756,27.15737976925845
4029.297,0.333246243005942,4.204888458662225,27.16143544524849
4032.203,0.3316796068321623,4.2048817816678214,27.156916569775362
4035.141,0.32961440299198347,4.2050938338002295,27.1556874458626
4038.047,0.329957649960228,4.205180460524278,27.152602738896736
4040.969,0.3301309858424014,4.205150138438408,27.142935631255604
4043.875,0.3320639004079186,4.20514565414871,27.142698403689344
4046.781,0.3300214199657024,4.205303955893654,27.134158711332056
4049.688,0.3324849143108472,4.205259097223431,27.131944142103254
4052.594,0.33273612195933056,4.205470597089879,27.131106792336077
4055.5,0.3307023138899836,4.205445228283385,27.128013805154616
4058.406,0.33033237227350926,4.205458912913742,27.126248218504657
4061.328,0.33133927464382457,4.205541618891323,27.126496815561016
4064.234,0.32974659831838515,4.2056613552218876,27.11917469842937
4067.172,0.318068666203023,4.205156631266349,27.112750596300774
4070.078,0.32343763405658316,4.204567718467329,27.1117684527313
4072.984,0.32173721740544414,4.204551069261341,27.103453871460374
4075.891,0.3201581643018857,4.205031834367298,27.108301551610364
4078.813,0.32407611626702093,4.204772488711899,27.109357422134853
4081.719,0.32184057993053283,4.204940581467747,27.097849979686305
4084.625,0.31888890447562573,4.205120338427614,27.10142698075935
4087.531,0.32117090888699906,4.204961955393353,27.090835287106508
4090.438,0.3219889035353397,4.204955439500516,27.086504408111427
4093.359,0.323049516247347,4.204877368601474,27.075663629220106
4096.266,0.32032689168685063,4.204857077938789,27.075854939868716
4099.203,0.32367642783301176,4.205155115646786,27.075258446391008
4102.109,0.3165910224008856,4.205545439048079,27.072755005753034
4105.016,0.319984780268191,4.205336613024488,27.07112723210098
4107.922,0.32136653837985363,4.205276619580756,27.064539107244745
4110.828,0.3186912197096487,4.205549685202029,27.06469385970987
4113.734,0.32019496352223953,4.205293157771601,27.06104384414927
4116.656,0.3174032624848212,4.205482268998302,27.05553398571729
4119.563,0.31859237157049114,4.205552791983818,27.056058011167217
4122.484,0.30916441121194405,4.2048517791864155,27.056269230022895
4125.391,0.312637339652172,4.204700567655878,27.039690604492836
4128.313,0.31221540609345283,4.20436519650342,27.04062942277405
4131.219,0.3112031349344922,4.204518468720706,27.04471825792655
4134.125,0.3092954196887364,4.204452843945353,27.040316664843374
4137.031,0.30681535698436646,4.2049824896154275,27.03157639323352
4139.938,0.31291086623170394,4.2047033438970045,27.03447159653151
4142.859,0.3098431502047628,4.204900577907306,27.028168226212024
4145.766,0.30639139195466686,4.204960893320187,27.023643648379895
4148.672,0.3060369043321352,4.204968127404094,27.024058250924064
4151.578,0.31166474256711807,4.204881184780881,27.024414218075336
4154.516,0.3089604099814442,4.2049661228722375,27.019995182771435
4157.422,0.30748819949214906,4.204980049865388,27.013737543236115
4160.344,0.30957341807126854,4.205027489153782,27.009145634492764
4163.25,0.3073531749774072,4.204816266126608,27.01481743952193
4166.156,0.30676809913322023,4.205106394525072,26.99465415743899
4169.063,0.31103469519089266,4.205055627888368,27.007909974187747
4171.969,0.31026222045171364,4.205264155895141,26.997342053484015
4174.875,0.30635783072990297,4.205282947977067,26.991756499700134
4177.781,0.307656912654029,4.2052277662547555,26.976786273230307
4180.688,0.3091254577702901,4.205399738257625,26.979090628344274
4183.594,0.31343056032272754,4.204996787878789,26.97306555556738
4186.516,0.307997527309525,4.205203711511731,26.97185012870844
4189.547,0.30710199123154064,4.205675565879473,26.96944846595312
4192.547,0.2997867829551833,4.204611362221604,26.97014802014251
4195.484,0.29761104284125256,4.204184796227625,26.962872605909233
4198.391,0.2951696811204633,4.204792147403934,26.953841954101023
4201.297,0.2998841949328861,4.204620699824724,26.959653208198237
4204.203,0.30199324769280733,4.204591898756374,26.948189629797987
4207.125,0.2923975310678594,4.204664444474827,26.952740706358007
4210.031,0.30010523740391776,4.2046569154212206,26.943730413672334
4212.938,0.29604597235791047,4.204864847897204,26.942503073226618
4215.844,0.2987334475065714,4.204680118455693,26.945265434098282
4218.75,0.29980505610267644,4.204966067513553,26.944570655250676
4221.672,0.29650189586119086,4.204934938090481,26.93331220008966
4224.594,0.29666248193962985,4.204794971283424,26.93585527722241
4227.5,0.29958266726745025,4.204862747817166,26.930156302204374
4230.406,0.29381234649291166,4.2050230843811685,26.9252430335136
4233.328,0.2986640913347708,4.205045068273986,26.918078578496548
4236.234,0.2952270234109597,4.2053556292700645,26.917721399963526
4239.141,0.3022053874591222,4.205126700566694,26.912428107511136
4242.047,0.2946831056910347,4.205065859064636,26.91361784319742
4244.984,0.2983523460631105,4.205472586134198,26.915307588121635
4247.922,0.29642369112450373,4.205591208541954,26.912875790062614
4250.938,0.28318999746069995,4.2046241201781855,26.901227172785447
4253.859,0.28947560603354217,4.204722482898558,26.903864300073106
4256.766,0.28911117441356043,4.204487882907526,26.89918510534367
4259.703,0.2890268292984601,4.2042287083284515,26.898737644542656
4262.609,0.2875170386024111,4.204560523921348,26.889982879576227
4265.531,0.28953252934724355,4.2043548472020875,26.887360749768824
4268.438,0.28552914132619434,4.204385805134377,26.887176825495313
4271.344,0.2851710110779918,4.205113209339891,26.886229225831983
4274.25,0.285477745016974,4.204791811868414,26.88042698176879
4277.156,0.28758791797535255,4.204634638769789,26.874715799122452
4280.063,0.2878921841198786,4.204672148342176,26.870708372519108
4282.969,0.2836677273018434,4.204693826999461,26.865207160620777
4285.875,0.2868134420633442,4.204837112547605,26.864255068168013
4288.797,0.2826865111552508,4.2049575207967305,26.858651468082396
4291.703,0.2898692539235504,4.20474648374866,26.872282765298102
4294.609,0.2887015450525134,4.204992616048187,26.85795431296986
4297.531,0.289510139925098,4.204780246983326,26.854184452809886
4300.438,0.2857255359476959,4.204946412384961,26.85058365734988
4303.344,0.2883908632324554,4.205105228225288,26.851090109006925
4306.25,0.28843612820324105,4.204806443823268,26.844118383732514
4309.156,0.2825235396501955,4.205054200841954,26.843325755999203
4312.063,0.28768354473538754,4.205287548100468,26.840057492724355
4314.969,0.286744663752004,4.205033143667185,26.834170244662833
4317.875,0.28701001853922115,4.205242092059193,26.837719835731345
4320.797,0.28413970115581466,4.205452661698335,26.83644970075667
4323.703,0.28633584617964514,4.2054231611743775,26.831226844031537
4326.609,0.2848001701413235,4.205238344678457,26.81818808779264
4329.516,0.28491553661165336,4.205360746890994,26.828285070533763
4332.422,0.287037450573968,4.205585917122293,26.815706804127583
4335.328,0.2851045397052554,4.205599903489995,26.806563436954875
4338.234,0.2841779750675711,4.205662282924892,26.804800400606112
4341.141,0.28499141755934215,4.205664123877935,26.804911808079975
4344.047,0.28452202196499804,4.20570956565279,26.800421332568998
4346.969,0.2851932370924477,4.205723608790147,26.79669726497109
4349.859,0.28285144480435725,4.205639598396128,26.796972708607345
4352.797,0.28463586444247085,4.2058531661053875,26.796138409394874
4355.703,0.2835343584076484,4.205840761268881,26.792812237659014
4358.609,0.2842654014269854,4.205926063004594,26.783606024139274
4361.516,0.2842934099114428,4.205849274240492,26.782862352282272
4364.422,0.286341541742168,4.205986702477613,26.773379493163464
4367.344,0.2794429978406656,4.206152510844656,26.77449167640245
4370.25,0.2846818665106596,4.205904860608642,26.767613089912643
4373.156,0.2821166619410599,4.206060876775975,26.771425227673838
4376.063,0.2809689979442747,4.206294836456283,26.768144315749314
4378.969,0.28345899328936197,4.206476340012549,26.767083362493025
4381.875,0.2846375521392563,4.206467081148364,26.764065387635483
4384.813,0.2844786691629665,4.2065716320735165,26.762811402370083
4387.75,0.27309034788425435,4.205736607072299,26.748577299537274
4390.672,0.2629668937942175,4.204835981068923,26.760977575055705
4393.578,0.263176960861504,4.204719351313069,26.747570352475407
4396.5,0.262944537590033,4.204558956775689,26.752251382822042
4399.406,0.26367565140180105,4.204698579917948,26.746064502520124
4402.313,0.26508479837433957,4.204634378305679,26.734950248691284
4405.219,0.26371001792737986,4.20457877219881,26.733280974957214
4408.125,0.2655471214818801,4.204628751080078,26.73951082537558
4411.031,0.2619579114277877,4.204736431251736,26.730710974270856
4413.938,0.2645547800422726,4.2047563864842825,26.734830574182105
4416.844,0.2639150956920576,4.204755430807925,26.734308105369013
4419.75,0.2625617025421016,4.204446412221258,26.7288321454835
4422.688,0.26026173692884685,4.205099613152572,26.720687347292277
4425.594,0.2626894218130048,4.204748967471492,26.71741944697898
4428.5,0.2624442647810163,4.2049387081862655,26.719144126159687
4431.406,0.2628734667736016,4.204739661991039,26.71055124037538
4434.313,0.26413341006516516,4.205010601908612,26.70851707492196
4437.234,0.26208398557097085,4.204885021156941,26.705218063356174
4440.141,0.2651317044538525,4.204840898238284,26.7131509988711
4443.047,0.26396015915286275,4.204784643126493,26.71252748901204
4445.953,0.2632009269753936,4.205000314061412,26.707876431093748
4448.875,0.26546585727837346,4.204868059178289,26.706737726210594
4451.781,0.26109861190542066,4.20526050196715,26.69844324410229
4454.688,0.26727161042755504,4.204794560848418,26.694361238121402
4457.594,0.2656881901839318,4.2047919301981445,26.70070812500296
4460.5,0.2628169871810616,4.205205786396329,26.696222831155353
4463.406,0.26347636402860536,4.204899161849196,26.693125615045762
4466.313,0.2603468833845438,4.205048326508902,26.693007051834197
4469.234,0.2609849358923182,4.205325539857235,26.690426773781493
4472.141,0.2628031071101178,4.205213469251208,26.687292073765555
4475.047,0.2635101043844006,4.205066418556607,26.684837372980027
4477.953,0.26117816799754784,4.205503895411298,26.676060519134662
4480.859,0.2597803099137013,4.205550795798078,26.674216128294134
4483.766,0.2631916161050949,4.205341511963226,26.67436399005206
4486.672,0.2594526916106877,4.205564361274101,26.672203398364868
4489.594,0.26161756013352466,4.205605661463085,26.675330448080725
4492.5,0.2640183119242723,4.205530745721835,26.671047847375473
4495.406,0.2639815076993237,4.205493918773487,26.66828691761675
4498.313,0.2638805769083717,4.205608144033482,26.664208910699255
4501.219,0.26137580783902176,4.205621602400048,26.661915722820954
4504.125,0.2605649289062284,4.20593843897205,26.65690298571964
4507.031,0.2627143065218332,4.205722406720287,26.660354363461487
4509.938,0.2604199298193219,4.205857618087274,26.660558667421018
4512.844,0.25954400581285947,4.2059490691912425,26.658506809088163
4515.75,0.2624818931222636,4.205931994252735,26.652408435987045
4518.656,0.2642691765404783,4.205953115515749,26.64598464591508
4521.563,0.2625896407571577,4.206312957897069,26.633192699342516
4524.484,0.26035507535442204,4.206047953523539,26.646442325951316
4527.391,0.25907454623253606,4.206252053685348,26.639665305494653
4530.313,0.2631093268835139,4.206047055465443,26.63980425068758
4533.219,0.2628327851969343,4.2062432963394,26.635494290693313
4536.125,0.2627175489846604,4.2062903209909654,26.628462417804556
4539.031,0.26046897958092957,4.20621756000303,26.621093702739937
4541.938,0.2584979598741094,4.206291713241951,26.625742815907333
4544.844,0.2632319015392824,4.20651793754704,26.61598242040555
4547.75,0.259419541231154,4.20648763923234,26.608360445692853
4550.672,0.2570090801184428,4.206579828098423,26.609551539700174
4553.609,0.24911382672621904,4.205786851290518,26.607863887921123
4556.547,0.2380590596086943,4.2048514735402955,26.606432926939757
4559.453,0.23879249945288888,4.205005689817553,26.592440565093185
4562.359,0.24288320199006844,4.204535850436311,26.594216814741984
4565.266,0.24150969685230345,4.204825181139848,26.58887873013279
4568.172,0.2425485997548349,4.204714468416677,26.591965432828445
4571.078,0.24238228463541434,4.2046053152923974,26.589168204178367
4573.984,0.24232598005854603,4.204752548296686,26.585448422398343
4576.891,0.23862106541739056,4.204818871301112,26.583422387288532
4579.797,0.24274527705905635,4.204663872333435,26.583662569301165
4582.703,0.2419798864919815,4.204629770726056,26.57519291641791
4585.609,0.24019863860142565,4.204974984207303,26.572334533468815
4588.531,0.24121645072666278,4.204838486174196,26.573038589841083
4591.438,0.24190202546068607,4.204965337046557,26.56282471458013
4594.344,0.24183724631981188,4.204394191574706,26.570501614298603
4597.25,0.240617652493769,4.205119616969706,26.558278264835703
4600.156,0.24331372239462334,4.204971109592902,26.562480978814456
4603.063,0.2418875073937772,4.204895543430291,26.553749605962082
4605.953,0.23877892970369652,4.20498183925191,26.5484955342918
4608.875,0.24068915203820612,4.205173668878504,26.547193908552753
4611.781,0.24228910487727337,4.205106527278245,26.549562713277197
4614.688,0.23838025083291015,4.205277832073459,26.5509139312538
4617.594,0.23893117995326776,4.205123980897134,26.552359260796035
4620.5,0.24288279942965907,4.205332883573737,26.541658069169035
4623.406,0.24170118139628377,4.204916379273954,26.53807970000527
4626.313,0.23946766168807224,4.205173850583933,26.53847438706059
4629.219,0.23768456198997115,4.20545655516745,26.537449092907913
4632.141,0.23851218105223246,4.205249449442671,26.539860906604083
4635.031,0.2408267217045643,4.2051691285580555,26.530923087811004
4637.953,0.24212816971146225,4.205137264196011,26.527315468105318
4640.859,0.23806500966605557,4.205310519585748,26.525120643433677
4643.766,0.24122766335813428,4.205125016105339,26.52146965708506
4646.672,0.23821912856238298,4.205403124229002,26.520826483770524
4649.578,0.2411583856263395,4.205248837822528,26.51031968537307
4652.484,0.23755977774284096,4.205463342386091,26.518353929806562
4655.406,0.23944945710519247,4.20551072171318,26.515885838479935
4658.313,0.23757443334516637,4.205469213382626,26.522478464128763
4661.234,0.23785552026297976,4.205733589307027,26.51367324041541
4664.125,0.2387039183806199,4.205833410585399,26.513164518349853
4667.031,0.2400461357731335,4.205882944786887,26.508099678967827
4669.938,0.23743724795859242,4.205809364080897,26.494604681160176
4672.844,0.24011706171867025,4.20554407978526,26.493773781301055
4675.75,0.23992317275950809,4.20558114516454,26.492109479708336
4678.656,0.24005532566451288,4.205849215084915,26.493375457260825
4681.563,0.23867965326574636,4.206010451034998,26.495242329713207
4684.469,0.23736853334424085,4.206039798391629,26.49252175596144
4687.391,0.2390735419422435,4.205995106295019,26.487766076817476
4690.297,0.23553548813657632,4.206079453241553,26.483601887199953
4693.203,0.23836278830372495,4.206201776493607,26.480288699553547
4696.109,0.23621348301475184,4.205906304764347,26.479007473825874
4699.016,0.23706534126390735,4.2063729098610025,26.47042239834151
4701.906,0.24032574625752692,4.206114382955768,26.476347732522555
4704.813,0.23828609740946066,4.206109301803121,26.482787334889906
4707.719,0.23959844268479072,4.206195380433589,26.47250356046728
4710.625,0.23889039592441588,4.206375674864209,26.472471763553322
4713.531,0.2396583625003131,4.206378994161203,26.474697369383858
4716.438,0.23783060353107516,4.206157542532786,26.462989552466873
4719.359,0.23678803459037526,4.206364752358144,26.46057552510432
4722.25,0.23662613936352528,4.206351714844792,26.461280887879465
4725.156,0.236838384525842,4.206310813403511,26.463505013551174
4728.063,0.23677594274283603,4.206707579257023,26.463545989361798
4731.0,0.22617443960796246,4.20598432369874,26.45255597380414
4733.906,0.2295207874551318,4.205759598207511,26.4606216561523
4736.813,0.22791809136737176,4.205729588942949,26.463663388922534
4739.719,0.22838467634706397,4.205916506526914,26.453359067246407
4742.625,0.22755754290561342,4.205605640997373,26.449008449308103
4745.547,0.22733892398058836,4.205696840653547,26.452472681979028
4748.453,0.229457545518368,4.205870512709582,26.45117078592973
4751.359,0.2257660417180131,4.2060099556846735,26.443595248269926
4754.266,0.22773912180365105,4.205734956364862,26.44258050811621
4757.172,0.22667470143836768,4.205992940343951,26.435428325792746
4760.078,0.2251518043684867,4.20590093739663,26.436720322689805
4763.016,0.2298082502565792,4.205749920664953,26.427788026479508
4765.938,0.22825854488475553,4.205808374971008,26.428306599263347
4768.844,0.22845956953999708,4.205937863233621,26.425861288685113
4771.75,0.22708320498195567,4.2060763737048585,26.425401237451158
4774.656,0.2300349613273529,4.206035234269078,26.417758005499042
4777.641,0.2266301001171487,4.206087790639583,26.41379695153294
4780.594,0.22551653721610465,4.206125074080215,26.41588400350849
4783.594,0.22428259489662228,4.206403825950949,26.411414701438762
4786.563,0.22794453301255593,4.206193409149124,26.41186191824839
4789.563,0.22509285816350774,4.206051596459581,26.406574059186344
4792.516,0.23047433255149624,4.206155149497871,26.4090789411112
4795.422,0.22506731608944056,4.206637208203487,26.40053695930359
4798.359,0.2195455971682611,4.205357755672465,26.40085330508028
4801.266,0.21471508784265825,4.205369945789772,26.39736085107754
4804.172,0.21707583703884625,4.205446721284611,26.39812708310847
4807.078,0.21967231774239737,4.205397775278608,26.397662480624433
4810.0,0.21657533665792927,4.205683957451624,26.391673142523764
4812.922,0.2084901606859304,4.204559568848474,26.3878201109253
4815.828,0.2078858799276867,4.2047358237151125,26.389650495694358
4818.734,0.2095529101356143,4.204512806835529,26.38000887059962
4821.641,0.20590139042143005,4.204646953143011,26.382725284302154
4824.547,0.20807497551139706,4.204483129183395,26.389944219746997
4827.469,0.2070952393791379,4.204417932657707,26.38539110048174
4830.375,0.2078493175442815,4.20458976450251,26.381791359800488
4833.281,0.20680572304507353,4.204553963088357,26.37856276468163
4836.188,0.20826648326176017,4.204608191640753,26.37282662595361
4839.109,0.20687655371089902,4.204686927389159,26.370329885266717
4842.016,0.20643044712097589,4.204512567025539,26.373416961469506
4844.953,0.2068874462989599,4.204589105468982,26.368739597462067
4847.859,0.20653635153275834,4.204790741336145,26.368361228769185
4850.766,0.2049207975683095,4.204828421689451,26.361572437155367
4853.672,0.21006920447717498,4.204619022350041,26.36715001058305
4856.594,0.20898418661982301,4.20472674289855,26.35814237916302
4859.5,0.2094415764800064,4.204551559638206,26.361210084779916
4862.391,0.20761692997765793,4.204580579814674,26.359251926333204
4865.297,0.2067840217861301,4.204694471685307,26.358120154959405
4868.203,0.2052586239618041,4.204630260029207,26.34889626751868
4871.125,0.2053858986858455,4.204778058065804,26.349910877572587
4874.031,0.20605113693975705,4.204821832624563,26.353185483783587
4876.938,0.2079810473747376,4.204619399762201,26.344373713984197
4879.844,0.2083301661521451,4.204805957274729,26.343075740110095
4882.766,0.21038531459323478,4.20464516625997,26.33687966503708
4885.672,0.20636365765340633,4.2047778697839915,26.335196244756354
4888.578,0.2058693547661247,4.204692928992613,26.339558095067652
4891.484,0.2070494289010518,4.204635536130734,26.327239361027917
4894.406,0.20742467546981314,4.20474070483322,26.325491523844946
4897.313,0.20677581591512034,4.204763628496793,26.330016443551873
4900.219,0.20433800766312882,4.2049976253553565,26.324478991650565
4903.125,0.2040815380195845,4.205043217977498,26.32450570780667
4906.031,0.20326409620794586,4.2051707444820305,26.32211077128365
4908.938,0.2043441992302868,4.204945928694647,26.317322643039795
4911.906,0.206407365158251,4.20482433147321,26.312831755722176
4914.859,0.20686082383004345,4.20496911473907,26.309777929805286
4917.859,0.20690179307053552,4.20516988508793,26.304673342861253
4920.859,0.20726785612380172,4.205194851914323,26.31233497952496
4923.766,0.20481886148720363,4.205078071471674,26.310503475596857
4926.672,0.20574145594455734,4.205158600696972,26.303607645535756
4929.578,0.20373509040805352,4.205209764457757,26.305393546401664
4932.484,0.2033339268339316,4.205307636404549,26.298742566358793
4935.391,0.207593846244099,4.2052579928623315,26.302039200934683
4938.297,0.20795383515016136,4.2052632955295275,26.298698136501034
4941.219,0.20328351682726706,4.205358018466837,26.296456829859558
4944.125,0.20451292370667423,4.205189932081343,26.292703063912676
4947.031,0.20734228830154353,4.205399588911894,26.294869275743725
4949.938,0.20600647990821552,4.20538024766035,26.291430254160865
4952.859,0.2066984032415506,4.205578495476051,26.290495762253073
4955.766,0.20660158484374694,4.205519064011052,26.280545937978637
4958.672,0.20629477170808494,4.205587185036817,26.287842807332474
4961.578,0.20705221816927288,4.205393328407216,26.28426130651851
4964.484,0.2064759385885427,4.205584206881983,26.274971859531675
4967.391,0.20675892203840068,4.2055416756109345,26.282603283783363
4970.297,0.20475232353032286,4.205673764907979,26.273924344745453
4973.203,0.20352629037147443,4.205670571045224,26.275941616490194
4976.109,0.20755018669173278,4.205574392148485,26.28429287495101
4979.016,0.20450833586616904,4.205956899041607,26.272620339797257
4981.922,0.2059268244555656,4.205771083870109,26.2732411178162
4984.859,0.20528977893675374,4.205927286428717,26.272084941264353
4987.766,0.20494605092024906,4.205913732492231,26.268289954393566
4990.672,0.20443036193470815,4.206213105604139,26.265232648885505
4993.578,0.20373547785956525,4.205737343247309,26.2554917572966
4996.484,0.20442245419325733,4.205891796661297,26.26137980818896
4999.391,0.20441398111105916,4.2058379886078,26.25384615454327
5002.297,0.20626188696939243,4.205795343012709,26.253708063065748
5005.203,0.20773014952960187,4.206055100270552,26.2512314777375
5008.109,0.20664982458274428,4.205984542205404,26.248288277639944
5011.016,0.20561755792581285,4.205987904284289,26.244778363128646
5013.922,0.2036725621143366,4.206371705368397,26.246146304491607
5016.859,0.2030515103793584,4.206403344049557,26.25076960825281
5019.766,0.20313954141530907,4.206464991586451,26.242651478293133
5022.672,0.2060943376590816,4.206160382060504,26.25051230762073
5025.578,0.20194782170160253,4.206333488005952,26.237980087573188
5028.484,0.20643673243259256,4.206324899138813,26.233476635079096
5031.391,0.2009778357470018,4.2064665705166355,26.22660465214758
5034.297,0.20632301775066628,4.206354323346482,26.232279646085004
5037.219,0.20449262164030832,4.20629867509544,26.23430395633591
5040.125,0.19987531918521226,4.206679091384514,26.23286465428541
5043.063,0.19286570025515265,4.205674017399657,26.22269591805273
5045.984,0.1887599967151761,4.204619170867655,26.23117263166276
5048.906,0.18681641328028445,4.204510627870427,26.226370457690646
5051.813,0.18408435372385307,4.204667157998297,26.22192493982782
5054.719,0.184585227305319,4.2047629199239545,26.21635321295592
5057.625,0.18369867547651775,4.204797159669633,26.21341199905606
5060.531,0.18378347429076744,4.204537533956308,26.215237072179818
5063.438,0.1820709908514366,4.204922363353534,26.207629232202528
5066.344,0.18463725689882918,4.204513615924368,26.21351695626969
5069.25,0.18604671159698333,4.20464017037343,26.210433910433835
5072.172,0.19019205962719304,4.204615216729852,26.207829414191373
5075.078,0.18530940065586418,4.204647845570266,26.197380432325378
5078.0,0.18480432052057802,4.204563653585309,26.199402173188773
5080.922,0.18179220828095805,4.204737361391737,26.20471204811342
5083.828,0.18425328864049675,4.204518373272784,26.198013465865834
5086.734,0.18331620852229222,4.204812719697337,26.19796213042729
5089.641,0.18346598841512007,4.204654089886359,26.204819762322686
5092.547,0.18934750499565842,4.204456833834535,26.189155926727924
5095.453,0.18352753216488096,4.204761097249656,26.18148630996661
5098.375,0.18082266954395948,4.204751878495884,26.18826153499467
5101.281,0.18316854350602788,4.20513585801835,26.187209149338674
5104.188,0.1848601330727537,4.204697502614766,26.18891162713134
5107.094,0.18530860941777028,4.204832580009097,26.193573901234785
5110.0,0.18446255168780318,4.204816907481512,26.188764566578
5112.922,0.18448454941651832,4.204839933411849,26.176033045224912
5115.828,0.1836645443449976,4.204814807105097,26.1752940288261
5118.734,0.18273157744131158,4.204961098483064,26.175665117939197
5121.641,0.18781238874688083,4.204893281758513,26.175111230079064
5124.547,0.1823122537869558,4.204966982862402,26.17479497548133
5127.453,0.18391244085153877,4.2047575787191676,26.16432583561409
5130.359,0.1851412794584235,4.2049915313659,26.17217723590425
5133.266,0.18481629531032706,4.205057185104679,26.160684540827084
5136.188,0.1843734358014411,4.205096170825796,26.158182822934414
5139.094,0.18302687911052082,4.204914788659592,26.163565868142182
5142.0,0.1816240064029733,4.205113079396457,26.153180125710442
5144.922,0.18368349228758185,4.204905252643505,26.158621477198317
5147.828,0.18463054974081022,4.204943777856843,26.153296692226522
5150.734,0.1816656382547877,4.205503998377285,26.15121391466532
5153.641,0.18385473723971182,4.205215213222099,26.15442317926233
5156.547,0.18202344288209438,4.205286023513827,26.153036571655107
5159.469,0.18325651005473034,4.205241033207468,26.150759690904515
5162.375,0.18033164995560638,4.205528131030884,26.148257094108732
5165.281,0.18337508662256244,4.205308864118397,26.147601301238875
5168.188,0.18326196265913255,4.205244842791962,26.14203972165649
5171.094,0.1851047235298178,4.205389504301855,26.141033435789506
5174.016,0.18233020121195823,4.205306077378884,26.132746550701732
5176.922,0.18136897301252117,4.205456143891023,26.139228692101856
5179.828,0.18296871402110962,4.2052993000741345,26.13507546013795
5182.734,0.1833411619172868,4.205282550769894,26.13852373869544
5185.656,0.18492044560028864,4.205379121439858,26.13750992405208
5188.563,0.1834282207460568,4.2054796328184105,26.12150549339588
5191.469,0.18195456210031336,4.205683225263613,26.119331646057386
5194.375,0.1859623339244436,4.205499101006329,26.12129433735586
5197.281,0.18369748742399772,4.205728098010713,26.126371599021972
5200.188,0.18135030740563396,4.20536945284258,26.11521681549473
5203.094,0.18227438739666715,4.205783604744073,26.115959332009087
5206.0,0.18427019984744145,4.2056908822148396,26.11761893203888
5208.922,0.1841252309604166,4.205608541222419,26.111869544861097
5211.828,0.18228350683741407,4.205782934376683,26.11144575287633
5214.75,0.1845980096099444,4.205868543906588,26.115067242950158
5217.656,0.18264925407192806,4.205607623420339,26.100928738159993
5220.563,0.18557889478327327,4.205935495198782,26.113895458230253
5223.469,0.18101453815976798,4.205741413602281,26.104895617310145
5226.375,0.18103394687401653,4.205788396558632,26.1029601538844
5229.281,0.18443363367504165,4.205666183936755,26.102546870098095
5232.188,0.18381186159062704,4.205987144568758,26.105503097847272
5235.109,0.1852618546750886,4.2058624677993794,26.104232167600173
5238.016,0.18357096251046093,4.205804325354268,26.097888603404414
5240.922,0.1844784877446485,4.205960502972371,26.10445377966645
5243.828,0.17988386465203915,4.206196218529618,26.092145821255464
5246.734,0.17824704009203288,4.206342299557637,26.089391648152503
5249.656,0.18017089213085555,4.2063402198756625,26.094137707791376
5252.563,0.18332618535075193,4.206059280751386,26.07933363178373
5255.469,0.18393759090943795,4.205710020908135,26.090888548612018
5258.375,0.1846512250100138,4.206167861548491,26.092218004372658
5261.281,0.18320698361184382,4.206122003450032,26.09166338523354
5264.203,0.18395796666832198,4.206330115326564,26.08927585184309
5267.109,0.18132025364283333,4.206292289358353,26.088053291484865
5270.016,0.1841830639640811,4.206457741947352,26.087143259822287
5272.922,0.17883612815497973,4.20642025195815,26.08759223567936
5275.828,0.18398893553935441,4.206158693000595,26.067169273811555
5278.734,0.18196075256900107,4.206342586285823,26.072819954083087
5281.641,0.18011525573066534,4.206483840513901,26.0721522710008
5284.547,0.18224567538808853,4.206293985745223,26.07318294211831
5287.469,0.1805757913668805,4.206442333334807,26.07611294402453
5290.375,0.18629853308643382,4.206259064486718,26.065858236400185
5293.281,0.18274153873069635,4.206696080074326,26.065626252047352
5296.219,0.17158481595213146,4.205834517041167,26.06643692839755
5299.125,0.1723880929607396,4.205810849217602,26.06344498916688
5302.031,0.1727023758204396,4.205619659087843,26.06935096651892
5304.938,0.17263807998124622,4.2055179375690175,26.069325106914423
5307.844,0.171849999058613,4.2055800874047495,26.065603395077314
5310.766,0.1722992190637527,4.205904709585042,26.060653126307784
5313.672,0.1700248459373238,4.205803731672357,26.061528406675556
5316.578,0.1723780316013995,4.205689987512273,26.058889615806592
5319.484,0.1703455101715773,4.205721281410809,26.060482415989902
5322.391,0.17292352660451474,4.205651428287593,26.06226964092814
5325.297,0.1691353455910208,4.20588362209914,26.060550397710745
5328.234,0.1720970300193132,4.20571736089209,26.06559452575005
5331.141,0.17408071563479008,4.205598499507605,26.0491873078204
5334.047,0.1696360858562234,4.205876319059879,26.050937525177076
5336.953,0.16399100256037166,4.206305319965843,26.04820841059786
5339.859,0.17078741432633196,4.205786221953698,26.05073484492723
5342.766,0.17315371518521985,4.20593450254617,26.047351012060723
5345.672,0.1703170225253426,4.205997073105614,26.046133702332053
5348.578,0.1719741044237839,4.205757046167746,26.044005683382345
5351.484,0.16593627800918168,4.2062985623757925,26.040509029818775
5354.406,0.1711618047872495,4.205962708735236,26.042057463244298
5357.313,0.17252276469546593,4.205986165866522,26.036871560654482
5360.219,0.17099673701959855,4.2061853586824505,26.037486851372382
5363.125,0.16859019808646086,4.206288880668816,26.033336005519292
5366.031,0.17241704151839152,4.2057731676815395,26.03203264691199
5368.938,0.17128077786145182,4.2062063412341315,26.030821722422687
5371.859,0.16964924584148597,4.206233311824521,26.032237254181805
5374.766,0.16948166860014238,4.2063610874253,26.031331275175056
5377.672,0.16902563210572027,4.206364694161636,26.02908236039591
5380.578,0.16980357824067047,4.206167698937184,26.029293612163915
5383.484,0.1671226476783248,4.206491539363601,26.035157058361445
5386.391,0.17095115151380638,4.2058968981683655,26.02110563692798
5389.313,0.1681296441072057,4.206587949610915,26.032406978988405
5392.25,0.1587555111925355,4.205558352690076,26.026444366696964
5395.156,0.15914653519382135,4.2057089555857505,26.018469304086466
5398.063,0.15976982317530106,4.205545962691603,26.02204543100494
5400.969,0.15824278553835935,4.205730908409242,26.012932226307804
5403.891,0.16177870833621905,4.205624836461977,26.012430266250917
5406.797,0.16030098658395,4.205751504969376,26.014878968864124
5409.703,0.16146544615685965,4.205080030227421,26.00552002776496
5412.609,0.15972250826269543,4.205214317459989,26.008944332038748
5415.516,0.16277408449046965,4.205610269951704,26.002617235849222
5418.422,0.16017721494804016,4.205860853563161,26.000197652803646
5421.328,0.15714378630628728,4.20564643354823,26.00148359884509
5424.25,0.15898119476254016,4.205766263416683,25.998852181974726
5427.156,0.15963248358974483,4.205741977575728,25.990123466007272
5430.078,0.1625670010028459,4.2052849551223765,25.996409227051
5432.969,0.15939635530050494,4.205463743812136,25.985941572189258
5435.891,0.162863028439343,4.205297820232473,25.99263741435364
5438.797,0.16094520883317504,4.20569441995485,25.988411801049953
5441.703,0.1593691357012079,4.205670440282063,25.98258631093142
5444.609,0.15935397721590178,4.205773244804535,25.984430219254932
5447.516,0.15631867730919166,4.205794791046288,25.97837638485123
5450.422,0.15751141687168077,4.205769708906303,25.981411078088456
5453.328,0.15938492070723978,4.205678069679518,25.974158100053476
5456.234,0.16158572571708768,4.205533952282168,25.978432616448636
5459.156,0.1553619408563332,4.205697448990705,25.97116185109831
5462.063,0.16315864405549216,4.205833722723015,25.97619028093374
5464.984,0.1614593295016664,4.206059868227439,25.97522500189895
5467.891,0.15814604478599098,4.205695409596482,25.975628712237672
5470.797,0.16322294686376043,4.205773902936478,25.96793557986373
5473.703,0.16208382889668496,4.206014923631101,25.972967133322804
5476.609,0.16207240925689764,4.205697517440454,25.974637245734268
5479.516,0.1607651127713661,4.2057119203196835,25.969889457983818
5482.422,0.16110760548370315,4.205777050701543,25.978424270194385
5485.344,0.16073734908374138,4.206204132345844,25.97058415503294
5488.25,0.16390669738210695,4.205826762113141,25.957060092531872
5491.156,0.16008404876303658,4.205928137400028,25.966968500051898
5494.063,0.1588287623382508,4.205911114888335,25.962487517217742
5496.969,0.1618504155820545,4.2061005071633915,25.95176912426626
5499.891,0.15997593361578888,4.206122009848904,25.959370536294617
5502.797,0.15934522983778443,4.20633967636123,25.960057419746654
5505.703,0.1600337748744818,4.205855315370969,25.955393882252434
5508.609,0.15950545821139905,4.206052146497893,25.953116708139724
5511.516,0.15768314756444388,4.206303387169888,25.94716439408243
5514.422,0.1613787577206257,4.206331018158267,25.95750153019792
5517.328,0.15947418359415746,4.206179257565456,25.946107988257538
5520.25,0.15800429731391732,4.206197544350304,25.942397942147878
5523.156,0.1546256615376661,4.206296318292343,25.94617820356952
5526.063,0.15956178722440248,4.206009083537186,25.940013974868513
5528.969,0.15843767883997392,4.205889323216731,25.940594893078774
5531.875,0.15796300367920935,4.206460071667653,25.9399883898417
5534.797,0.1589941070708275,4.206229169426051,25.93822879973188
5537.703,0.1530813338229679,4.206917455613793,25.933957490857978
5540.641,0.1477193415674299,4.205450140023057,25.930903949635624
5543.547,0.1538272367219734,4.205332948528289,25.93162014534413
5546.453,0.15040484863440884,4.205544797193691,25.93297551716778
5549.359,0.15009424186182563,4.2052528552279425,25.936495516661903
5552.266,0.15049937686153927,4.205354011263877,25.924917796629273
5555.188,0.14680910426898047,4.2052320523431375,25.91857978296856
5558.094,0.14677923381881725,4.205638926109597,25.919604554818427
5561.0,0.15070857994339731,4.20547047512818,25.925325162591395
5563.906,0.14525367920908736,4.205732511901986,25.918536537035916
5566.813,0.1511463369349437,4.205501015178108,25.9144581460075
5569.719,0.15029895623942377,4.205460513269685,25.916228445737644
5572.656,0.15030355989041644,4.205567860569369,25.91824936133087
5575.578,0.14849638368408424,4.205565593588745,25.919940122156245
5578.484,0.14646605529815585,4.205511505410943,25.914711783545936
5581.391,0.14694717771695398,4.205397966010622,25.913503565687193
5584.297,0.1504681637158393,4.2053580362749905,25.915142235038772
5587.219,0.15074495330295754,4.205520864880613,25.90604488143102
5590.109,0.1495097724057927,4.205722475745645,25.905201711495483
5593.016,0.14949288817779455,4.205509828782341,25.910364912824598
5595.922,0.15013911098720376,4.205717496604941,25.90502701531403
5598.828,0.15138315926092416,4.205613244526515,25.902276289704652
5601.734,0.1480706143216573,4.205670693762897,25.901308803621884
5604.656,0.15008216258966212,4.205539701411676,25.90150164100814
5607.563,0.15298274450612112,4.205731752621917,25.89463591001068
5610.469,0.15253210295805025,4.205420757585304,25.893927898691544
5613.375,0.15077083216266587,4.205748831507724,25.88243363974477
5616.281,0.1511875275724344,4.205574242890965,25.885449008824594
5619.188,0.14962365285811177,4.2055363015233205,25.889652724215537
5622.094,0.1466055564691581,4.2061067281516635,25.889505226859384
5625.0,0.14724819517510215,4.205945343511581,25.88995703269847
5627.906,0.14664708726747058,4.205642417804158,25.887840470130158
5630.828,0.1481976952741122,4.205986907999065,25.888505769847065
5633.734,0.14878259429179397,4.205775493366691,25.89128004425565
5636.641,0.14740681824650606,4.205830853750191,25.88430354493736
5639.547,0.14510198106548677,4.205994813140207,25.887795898286903
5642.469,0.14783973976882256,4.2057960216837476,25.885910544497662
5645.375,0.14648683273114857,4.206260767963689,25.88852114154305
5648.281,0.14946162316225722,4.205835317886819,25.883705521317456
5651.188,0.14690180852067639,4.2061206710327905,25.880295343245315
5654.094,0.148430727586471,4.205763524297896,25.877764029264945
5657.016,0.15026790668123963,4.205806652231947,25.876398294949546
5659.922,0.14755206824319478,4.206097380611997,25.878445307868922
5662.828,0.14850375468695895,4.206055212135216,25.879985724909773
5665.734,0.1515692175495323,4.2059997273411955,25.87430205339169
5668.641,0.14538252599063065,4.206404713607142,25.867515615088728
5671.563,0.14807981475604004,4.206290225588595,25.873928407798626
5674.469,0.14860542989392383,4.2063952176071435,25.86952452751063
5677.375,0.149099239886103,4.20621488741999,25.86277022692217
5680.281,0.1483759523892459,4.2060117307912055,25.862702842559088
5683.188,0.14918024644403968,4.2061468065434955,25.86593996881779
5686.094,0.15151222137514955,4.206219782060396,25.868466965596394
5689.016,0.1465059287902219,4.206363991620644,25.863771992742798
5691.922,0.14695932618362048,4.206454356771133,25.865617457029668
5694.828,0.14554700013093902,4.206385066952472,25.860299774553102
5697.734,0.14932201013313592,4.206272898759894,25.859787582512624
5700.641,0.1447294293133959,4.206518121350253,25.862210110636635
5703.563,0.1466792356398612,4.206328806764131,25.861747492169783
5706.469,0.14761216057641777,4.206545775422313,25.85432356928155
5709.375,0.14913231690749337,4.206277480542654,25.85203823611732
5712.281,0.1474483867514364,4.206694733126246,25.853121542053426
5715.219,0.1397168953817502,4.205728678118489,25.851941099907883
5718.125,0.13585868620849645,4.205595516970219,25.852103262989882
5721.031,0.1369630567245815,4.205642117411419,25.85110753049632
5723.938,0.14001061279398896,4.205576547125828,25.85376935305623
5726.859,0.13845324699407638,4.2055762131261565,25.84634495129589
5729.766,0.1402399335498748,4.205280295541021,25.840208028166277
5732.672,0.13742389778686961,4.205686679256024,25.848297328769817
5735.578,0.13545140903388428,4.2055481495279,25.842853411693287
5738.484,0.13849171163877355,4.2056145824664934,25.840315065483036
5741.406,0.13844489016607903,4.205534544277214,25.839769713091425
5744.313,0.13861719599357905,4.205606041146058,25.826256570928255
5747.25,0.14084465232653387,4.2054884047824475,25.837038167550507
5750.156,0.13769830824026996,4.205430943647954,25.829522480700387
5753.063,0.1359746989544774,4.205665921304079,25.831890123668185
5755.969,0.13800779726445422,4.205953587813828,25.834859805600583
5758.875,0.13813114101855245,4.205845738738948,25.82583171048493
5761.781,0.13557858597746397,4.205624263344548,25.827037217248904
5764.703,0.13676168501001645,4.2057695621746,25.8240356770118
5767.609,0.13523619245302784,4.205883316723677,25.82545264411194
5770.516,0.13827327367786568,4.205713095180851,25.830061309697857
5773.422,0.1366497196545878,4.205740784722361,25.81991910740001
5776.328,0.1384652629103402,4.2054864636363565,25.82112550405634
5779.234,0.1373223299524104,4.2057881172436025,25.82017516744129
5782.156,0.1359563502110819,4.205954626021683,25.820557444673145
5785.063,0.14073274919697873,4.2057632027277565,25.823313653321595
5787.969,0.13816909220533594,4.205953910640419,25.81332170016252
5790.875,0.13677076808650412,4.20605468543828,25.823346798735816
5793.781,0.137622830722675,4.205794299185247,25.81701184571418
5796.688,0.13643959250509918,4.206104731967016,25.821673114999296
5799.594,0.13951796314940235,4.205989934900112,25.820659968937353
5802.516,0.13586327301361348,4.205946261547743,25.821247271241834
5805.422,0.13700848338705438,4.205776772020237,25.813808186096292
5808.328,0.13810015184950986,4.206102998223645,25.813858160004735
5811.234,0.13421161969327014,4.206040489484424,25.81895359023624
5814.156,0.13711283180697176,4.206200059810827,25.810003299053104
5817.078,0.13418082662802044,4.2061784737908,25.807959623678496
5819.984,0.13213555775353,4.205952338334917,25.809809668627576
5822.891,0.13728676402576961,4.206085312920443,25.808731679543698
5825.859,0.13873977870906265,4.206193796485075,25.805036833890462
5828.766,0.13565597357485099,4.206007649373557,25.80175754870327
5831.688,0.13395370872526768,4.2060748463539435,25.799694828073555
5834.75,0.13813458054250258,4.206043924332611,25.800060907638425
5837.719,0.1356553899595653,4.205965118722556,25.80718791914536
5840.641,0.1356525865257396,4.2059112616813055,25.800356532958535
5843.578,0.13609196253591616,4.206182585244542,25.802657841981514
5846.5,0.13535968571039741,4.206203468923041,25.804752427379466
5849.406,0.13769215629626222,4.2062773694195075,25.800029153186085
5852.313,0.13540656672393903,4.20660700639676,25.798472295075236
5855.234,0.12514263177639115,4.20547160112256,25.795382905558593
5858.141,0.12427674877948378,4.205488841644429,25.794413590589166
5861.047,0.12980591471583988,4.2051875928950295,25.796377616969018
5863.953,0.12906595655346062,4.205242491034444,25.7964464687564
5866.859,0.1273958889695667,4.205138852503336,25.79372491520031
5869.766,0.12719484233853656,4.205608592197516,25.7888713245695
5872.672,0.12843832628402027,4.205055334971132,25.791754056164823
5875.578,0.12804643348346537,4.20557324047218,25.786279312176788
5878.484,0.1258171599738026,4.2050196471922145,25.781205532631915
5881.391,0.12759890986739936,4.20546630933117,25.789625493793334
5884.297,0.12672812157245422,4.205118309523687,25.796200270279257
5887.234,0.12152909045519364,4.205215597092196,25.788975801908094
5890.141,0.1259575092855492,4.205410208482837,25.783552773681183
5893.047,0.12571222101689158,4.205368616530225,25.785485862165636
5895.953,0.1304525030769872,4.205590292765657,25.776514074837603
5898.875,0.1264911417799491,4.205344824641751,25.781428254120584
5901.781,0.12392850011772641,4.205354186562688,25.788937624532995
5904.688,0.12672387363187435,4.2052096190897075,25.775573445543856
5907.594,0.12554416889567874,4.205255613327678,25.77447770232272
5910.5,0.12653045364397944,4.205502267771146,25.78014329987616
5913.406,0.12633219985925614,4.2055066750091274,25.777941605265614
5916.313,0.1278313897989835,4.205341635139115,25.77291431911902
5919.203,0.1313000153484852,4.205494119334784,25.7711881404785
5922.125,0.12655315775753287,4.205265772036609,25.776595171593883
5925.031,0.12945310723313241,4.2051378882762265,25.76959201259848
5927.953,0.12671617589640102,4.205435867151789,25.77737122332829
5930.859,0.12677587264646495,4.205654826875207,25.77250188998669
5933.766,0.12578968350655984,4.205572676902082,25.77258681792626
5936.672,0.12562127053350816,4.205172163860466,25.768495356568287
5939.594,0.126214355717091,4.205584250776187,25.761556716109173
5942.484,0.12247114042914964,4.205698101251331,25.760445056586573
5945.391,0.1221620686501812,4.205694661930233,25.764717017885918
5948.297,0.1255607069829245,4.2055924921101475,25.757762789343325
5951.203,0.12609964958165726,4.205609732673769,25.76109142295713
5954.109,0.12934204759866164,4.205566842516336,25.75639876355863
5957.031,0.1232506983633171,4.205575801201248,25.76004422101317
5959.922,0.1263417004416986,4.205401992339136,25.759541570955527
5962.844,0.12654512013424557,4.205534905286168,25.759712920755295
5965.75,0.12610582354474084,4.205804481759448,25.750374088519827
5968.719,0.1271265714165013,4.205413367007493,25.752754397000803
5971.625,0.12418595900385976,4.205885610596363,25.755266715970443
5974.563,0.12321736469602763,4.2060107942177085,25.74553135292925
5977.516,0.12504597232602885,4.205815411250397,25.753922384889236
5980.453,0.12790224055026211,4.20561440996297,25.754734250712804
5983.438,0.12628290990445526,4.205761585926122,25.750276372972024
5986.406,0.12489822278110457,4.205475958384784,25.750712135844513
5989.313,0.12386276402123872,4.205525641020535,25.751052804522793
5992.234,0.12575347389424527,4.20585453553082,25.750260414778996
5995.141,0.12230936189004685,4.205890244557487,25.748165171004445
5998.047,0.12544572380778737,4.205877952994046,25.754087040210162
6000.953,0.1280626262266626,4.205927827280579,25.74953073365025
6003.859,0.12515448115407413,4.205768098185384,25.74582383235658
6006.766,0.1281881680359487,4.205857471513436,25.746915333126108
6009.672,0.12604497578864415,4.2059722822154155,25.742004612848785
6012.578,0.12674050029635167,4.205926914726957,25.74256554456753
6015.484,0.12455508954293161,4.205931191665897,25.740037109802373
6018.391,0.12422471353134608,4.20597459898229,25.7415088994498
6021.297,0.12182876227543202,4.206035115593465,25.74145134355862
6024.203,0.12555745644387103,4.206090466135653,25.74162928455548
6027.109,0.12601590220314898,4.206116733114388,25.7419797779745
6030.016,0.12312511893343443,4.206008816019795,25.736383054662234
6032.922,0.1267831234407829,4.20608137949658,25.73909283449809
6035.828,0.12597270345773623,4.206323096702295,25.74195222273937
6038.734,0.12191602480178187,4.206010702143043,25.744401944737266
6041.641,0.1275156231998356,4.206294385213079,25.739902470910568
6044.547,0.12256096669187924,4.206038941706529,25.74068445059423
6047.453,0.1233990806338764,4.205932917918812,25.734912142098896
6050.359,0.1251127459105473,4.20625413026613,25.736218437437376
6053.266,0.12971201508891764,4.206366488374344,25.72900945469371
6056.172,0.1252481099792161,4.2061849783151075,25.72597224779212
6059.078,0.12300690854967951,4.206102645367558,25.724328833907702
6061.984,0.12353105297964827,4.20634081219479,25.72694771033502
6064.891,0.12367834255593624,4.206466582571515,25.72966731479068
6067.797,0.12313680867657205,4.206567187939967,25.726829512652056
6070.734,0.11655320493852622,4.205369952141937,25.725936490589238
6073.641,0.1157057703037428,4.2055318303187965,25.722046048055734
6076.547,0.1181836205057866,4.205531376163211,25.720979498222686
6079.453,0.11918462015301284,4.205586819051116,25.72053399230409
6082.359,0.11712863129039214,4.205481845172797,25.725762431108592
6085.266,0.11521529131822424,4.205498527991919,25.721783301278403
6088.172,0.11053668569024185,4.205305605267035,25.722110537986442
6091.078,0.11343870781063597,4.205372906058021,25.722043067240314
6093.984,0.11573254443023348,4.205549520015117,25.717772307329685
6096.906,0.11442674209392645,4.205420149481971,25.70753408087293
6099.797,0.11417929468449478,4.20516419161004,25.713105475379518
6102.734,0.11440766930835014,4.205432529184513,25.71666663075418
6105.641,0.11334799383001616,4.205522872047516,25.7171277514916
6108.547,0.11440287056715892,4.205751926225824,25.718840273496355
6111.469,0.11576177987128623,4.205740390328357,25.71769503109003
6114.375,0.11362001367228726,4.205809588972214,25.71701152415636
6117.281,0.11788209901594311,4.2053749026505045,25.715450258109104
6120.188,0.11331783837597405,4.20563250872352,25.710300210516426
6123.094,0.11432542821600401,4.205813215355125,25.70026477435584
6126.0,0.11641797188399228,4.205483191627319,25.713274041559757
6128.906,0.11529719460816593,4.205581948202408,25.7058277338406
6131.813,0.11916524934636705,4.2054530004528425,25.70278666340342
6134.719,0.11750462416756242,4.205681515897443,25.708837042197192
6137.641,0.11332181603592506,4.205286394505273,25.71592792224893
6140.547,0.11509704052022748,4.205546289556269,25.703025296295472
6143.453,0.1130558783489322,4.20540373809944,25.70650331454953
6146.359,0.11491143757076713,4.205559113612775,25.69880713756017
6149.266,0.11211797519161619,4.205567797733276,25.7032255401421
6152.172,0.11396459368749237,4.205656979085576,25.70986922368063
6155.094,0.11425040871827759,4.205816482152088,25.708696528483312
6157.984,0.11542598018422454,4.205458327462201,25.700082142299934
6160.906,0.11258753007690644,4.205512394465559,25.70875554039487
6163.813,0.11267369315997718,4.205641518522077,25.696639164405205
6166.719,0.11354167110576635,4.2054714980000885,25.70103193531281
6169.641,0.11446075085093875,4.20567063914841,25.697499940523592
6172.547,0.11569464114710014,4.205520945076316,25.704799789858665
6175.453,0.11286264769453468,4.205631140040682,25.700087405377346
6178.359,0.11685930488567575,4.2055666741194795,25.69561945081302
6181.266,0.11572285738200684,4.205777674888692,25.697056238156865
6184.172,0.11489367908475188,4.20594089006398,25.7018254682517
6187.094,0.11518270666221422,4.205649486098224,25.699430796497406
6190.0,0.11221991890313229,4.2056970250122925,25.694777316158774
6192.906,0.11399538220822723,4.205767543247407,25.69367752365319
6195.813,0.1158961999767341,4.205853779370113,25.684494794207183
6198.719,0.11765935021678592,4.205995467435037,25.695127697518185
6201.656,0.1138749381893358,4.206079571058596,25.69644807412961
6204.563,0.11485683360666843,4.206186041529566,25.689410044230694
6207.469,0.11277357425802645,4.205988230461563,25.68583474500204
6210.375,0.11325612152935148,4.206160003276592,25.689762736576064
6213.281,0.11524134462152966,4.2057179951033445,25.682135072286023
6216.188,0.11630950125373765,4.20576722936047,25.684112022464934
6219.109,0.11481272471685594,4.205920157184675,25.682639571790922
6222.0,0.11218165972595998,4.206147005357009,25.68208181671283
6224.906,0.11228012172085101,4.206191455187347,25.676460915240803
6227.828,0.11139129134204127,4.205907170180255,25.6831284868421
6230.734,0.11097248733399272,4.2061331199141065,25.687324323858984
6233.641,0.11166919625274653,4.205821408478031,25.679480104273875
6236.563,0.11340089983684674,4.206228804839201,25.67316108691908
6239.469,0.11571784477735393,4.206100232605936,25.6725559213317
6242.375,0.11367846940487307,4.206270757883377,25.67804679026996
6245.281,0.11404912916996396,4.206247819381858,25.67194474704878
6248.188,0.11402393761299916,4.206081528475156,25.663905038665995
6251.094,0.11282724691665062,4.205984927158279,25.66472486186484
6254.016,0.11555413619734373,4.206229709959995,25.673690636681638
6256.922,0.11297000986846392,4.2060251191642015,25.67021006048598
6259.828,0.10845318207280946,4.206315860047567,25.672551395377297
6262.734,0.11358027322438202,4.2061458433316306,25.66164408693288
6265.656,0.1133277752543795,4.206329451726969,25.665684600174515
6268.563,0.11060590866027907,4.2063651414754,25.66140333949927
6271.469,0.11594306510237087,4.2063699001041135,25.659728038806428
6274.375,0.11105432375802074,4.206043293888424,25.660425555371425
6277.297,0.11284526868779178,4.206277103744462,25.659802709420852
6280.203,0.11607466488485396,4.206212538162412,25.653935126662795
6283.109,0.11507626465104778,4.206560904059431,25.658894106020046
6286.016,0.11222811855789068,4.206352940672498,25.660185042109422
6288.922,0.11361900010034198,4.206326018670009,25.653534906293018
6291.828,0.11314584695014045,4.206542127816461,25.658056321367944
6294.75,0.11673331778845955,4.206619264768994,25.657658162676523
6297.656,0.11562214953736492,4.206447532833304,25.649760030285023
6300.578,0.115382952841061,4.206506542027198,25.652620008878092
6303.484,0.11129678218436995,4.206591271868597,25.648807935466277
6306.391,0.1131634079471827,4.206497249092846,25.65910451891187
6309.297,0.10838356839722137,4.206568591118383,25.650106650520723
6312.203,0.11020381452837943,4.206460822507474,25.655814802867766
6315.125,0.11432709112025112,4.206529248781528,25.649897784410204
6318.031,0.11355658756906381,4.206504614285974,25.65313607152256
6320.938,0.11567315813898327,4.20644624337757,25.65162996858537
6323.844,0.11017666933228623,4.206457002991458,25.65038040383438
6326.75,0.11361358369910701,4.2067833970090405,25.648415296692818
6329.672,0.11337709363396828,4.2069027925055815,25.655816543491174
6332.578,0.10980119659400729,4.206557349365256,25.645228068015783
6335.484,0.11204402284461665,4.20648138494698,25.644222832854986
6338.391,0.11278142577448351,4.206817942139875,25.64576222783094
6341.313,0.11099855337623382,4.2067006817509505,25.641211067938418
6344.219,0.1140146806017618,4.206755344824176,25.641823833695476
6347.125,0.11391391959469326,4.20678677914422,25.64717706613688
6350.031,0.11090460908755545,4.206763202214166,25.65280663426207
6352.938,0.11190627814486494,4.206716121705267,25.639496154603155
6355.844,0.11046314624022541,4.206951165110165,25.641798267437625
6358.766,0.1129502333480889,4.207025978875612,25.638985404723062
6361.703,0.11131514499208585,4.20668724200561,25.643142406256114
6364.609,0.10904847648774141,4.2067721248425345,25.634855846882385
6367.516,0.11210845530494698,4.206912529440098,25.631225002715688
6370.422,0.11239282748670662,4.206880832715774,25.63024323152634
6373.328,0.10861372184007648,4.207107634422175,25.63597516963598
6376.234,0.11080397912537229,4.207066950889215,25.629322921439805
6379.156,0.11276627901994457,4.207043254689352,25.63572303408602
6382.063,0.11038963354223637,4.2071328306100675,25.62466877204931
6384.969,0.10863907549440918,4.206903033593273,25.62657493621553
6387.875,0.11429419656912766,4.206950699074539,25.62275273346289
6390.797,0.11365770895482216,4.207087140558526,25.6218934740002
6393.734,0.11088893630901411,4.207369523138468,25.622563500211722
6396.641,0.10917155638997053,4.207091364871785,25.61867257544968
6399.547,0.11090154670512513,4.206992212574425,25.62206879155354
6402.453,0.11193788204518522,4.207157106008627,25.62096665610765
6405.375,0.10894130433833905,4.207113833242302,25.6233460269828
6408.281,0.11107990423399691,4.207346321787427,25.62429618734044
6411.188,0.1105702637912231,4.20719187962441,25.618796446520136
6414.094,0.11004767663351944,4.207281628421263,25.617812746469422
6417.016,0.11180088112249766,4.2070666403252,25.623290709654878
6419.922,0.11120822265866198,4.207021608773534,25.627451570954783
6422.828,0.10884983251670176,4.2073366154632446,25.62951157894467
6425.734,0.1084487400817155,4.207382371945475,25.63122232485409
6428.656,0.10902553119025572,4.207223423447407,25.62598118523147
6431.563,0.1126284729769677,4.207338402244709,25.621370695863593
6434.469,0.10992306344372131,4.20733161389235,25.622438883303037
6437.375,0.11065432265288837,4.207538000047001,25.62342047677546
6440.281,0.11449662376686394,4.207650712634186,25.613683060334903
6443.203,0.10044431274119467,4.206635247519561,25.61392149645023
6446.141,0.09398727597891199,4.205799856967086,25.621214788551452
6449.047,0.09016230511045785,4.205656467246432,25.615902546324406
6451.953,0.0923874194498548,4.205645675656037,25.615545673930008
6454.875,0.09215466945124774,4.205535604430285,25.610576295200204
6457.781,0.08987991437439083,4.205522447309384,25.612060626231912
6460.688,0.09324183594991925,4.205609561432595,25.61025100190054
6463.594,0.09245944581681954,4.205288018425262,25.604412375649662
6466.5,0.09405074436352406,4.20537473605242,25.60782639885274
6469.422,0.09243004413750597,4.2054024084413735,25.60787174659578
6472.328,0.0925101792233325,4.205465153773516,25.610160350246122
6475.234,0.09381679047262041,4.205398496764714,25.611737397336146
6478.172,0.09098761647087454,4.2054779828474445,25.616204091811383
6481.078,0.09497979521847144,4.2052146922965665,25.613608026942636
6483.984,0.08991566464691204,4.205293597153583,25.609141338803287
6486.906,0.0933835700342649,4.205463273925581,25.607623359368358
6489.813,0.09505653009497785,4.205128552722699,25.604788692956046
6492.719,0.09389866984451434,4.204983688764881,25.601900935038827
6495.625,0.09163081011897296,4.205461985788897,25.596097627047786
6498.531,0.09349885467799812,4.205528531402982,25.601106742118446
6501.438,0.09261164798863461,4.205396186945523,25.59843742524766
6504.344,0.09315911196376918,4.2054129092331305,25.59820097921214
6507.266,0.09069991649671097,4.205265416703247,25.58439415942316
6510.172,0.09372624879519986,4.2055411729441925,25.595336758891484
6513.078,0.09107589867636015,4.205294178791193,25.59111628739687
6515.984,0.09189508538096545,4.2055706130617,25.602699397523594
6518.906,0.09446697674506023,4.205558004184238,25.588878969515413
6521.813,0.09680020037821896,4.205224983170348,25.594195250372092
6524.719,0.09374655751086777,4.2053764665008515,25.587254621469327
6527.625,0.09329812451159177,4.205187784951197,25.59812812324938
6530.531,0.09221697999436314,4.205353622782861,25.59433945975867
6533.438,0.09359193302919319,4.205293146627647,25.59550047530772
6536.344,0.09193976647515462,4.205413009244047,25.593842630899992
6539.25,0.09552637146610835,4.205296336506978,25.5894348158531
6542.156,0.09247289656083814,4.205253326944137,25.58278389880111
6545.078,0.09481559393710019,4.205417722129826,25.581904546171522
6547.984,0.0934900456907773,4.205285622058387,25.59505705670498
6550.891,0.0917913500339291,4.205334974212246,25.594773122311867
6553.813,0.09383431675205053,4.205215348263603,25.584575836395334
6556.719,0.09246232943496357,4.205587353740363,25.57877816806544
6559.625,0.09380139495591888,4.205319345427134,25.58205463212208
6562.531,0.0948613095308016,4.2053386282087,25.579093681086004
6565.438,0.09113931883268342,4.205299562431601,25.58555367776039
6568.344,0.08833347956506608,4.205447720720641,25.584112537489684
6571.266,0.09371871906479083,4.205405372742589,25.58031411710705
6574.172,0.0907864734071253,4.205407411368629,25.58314683521667
6577.094,0.09303854325897735,4.205165426817695,25.581409978095838
6580.0,0.09274609242510025,4.205291376939679,25.579935435044224
6582.906,0.09319519259177422,4.205151780624027,25.589443088940428
6585.813,0.08955471213144582,4.2054609897874515,25.584838122810986
6588.719,0.09331432566740742,4.205399898668825,25.575338320446892
6591.625,0.09230651914758159,4.2056886742768285,25.580186177657072
6594.547,0.09195833644955223,4.205500940584713,25.582401930168007
6597.453,0.09225485458061858,4.205190741922017,25.58092935885848
6600.359,0.09218703291708852,4.205328032837213,25.575291513262744
6603.266,0.0938410643940313,4.205527086135047,25.580361888500615
6606.188,0.09196397915049152,4.205448291888331,25.577672827317564
6609.094,0.09332871815605193,4.205481149500804,25.58350799111916
6612.016,0.09004868976196063,4.205573962428856,25.580330378273047
6614.906,0.09385144559173302,4.205527918442533,25.578739566665746
6617.828,0.08998875743601438,4.20565232670479,25.574022278554835
6620.734,0.09175280881400734,4.205605594770268,25.577276911942597
6623.641,0.09085068768215306,4.205672249325939,25.578854012436995
6626.547,0.09212405145755244,4.205810056231561,25.569569176512147
6629.453,0.09287664364849783,4.2054889153316095,25.571368924643256
6632.375,0.09080669456738485,4.205540804019482,25.563450010466997
6635.281,0.09248539340608031,4.205586116000748,25.57027903398639
6638.188,0.09261579328865613,4.205582057272178,25.56645053409475
6641.109,0.0917452085875788,4.205633739163013,25.57100261363705
6644.031,0.09084962762091378,4.2056454864542365,25.56949635089233
6646.938,0.09338130369523841,4.205683313654685,25.568437955259288
6649.844,0.09146931775206457,4.205625384432268,25.57250858919369
6652.766,0.09378931157768856,4.205679832743278,25.56278991020608
6655.672,0.09369275203059464,4.205546633097477,25.558634319795605
6658.578,0.09342631244198159,4.205653013016107,25.56251224915406
6661.484,0.09101004570023581,4.20570757991038,25.555785733861942
6664.391,0.09313675423691348,4.205705138755356,25.565522664633594
6667.297,0.08897144545123627,4.205827397609782,25.56212790448978
6670.203,0.0921611493618399,4.205895397786476,25.560765818872802
6673.141,0.09264185830884021,4.205866228228423,25.558337219600357
6676.047,0.09303798979222759,4.205883718481794,25.56006821155458
6678.953,0.0904220280320794,4.205902177876804,25.561241336310356
6681.859,0.0885005866249605,4.20550410324838,25.55932307428195
6684.781,0.09191952900426936,4.205664590536066,25.565259028577415
6687.688,0.09262089963150591,4.205889451789927,25.564312832483463
6690.594,0.09371925081084172,4.2058782683754785,25.567896705671487
6693.5,0.09345797602835758,4.205886351948718,25.558357222724798
6696.406,0.09246323564177246,4.205992691474517,25.552902322057218
6699.328,0.09079678870494332,4.205988059631876,25.564003544782736
6702.234,0.09087083524761609,4.205830228030683,25.552175146845258
6705.141,0.0883656961803579,4.205924427757532,25.550134761093574
6708.047,0.09280085707411882,4.206004799898608,25.550698468408175
6710.969,0.09251731186329168,4.2058523994945896,25.556360487748545
6713.891,0.09536885436902189,4.205929792610149,25.550838775527794
6716.797,0.08955491442174994,4.206170161901844,25.556470978394856
6719.703,0.09221749550125966,4.205867844779602,25.558066147724816
6722.609,0.09159535214993397,4.206061259657288,25.556995678593655
6725.516,0.09377243044697464,4.205963239182912,25.54932076599513
6728.422,0.0906782527161528,4.2059983000187575,25.54855031554917
6731.344,0.09242516792081319,4.206055820557979,25.54992440621593
6734.25,0.09168066028829544,4.206031226919366,25.547976442587313
6737.188,0.08780326643788619,4.206147233536228,25.54340854989185
6740.094,0.0949158989114018,4.206051792147443,25.547034429701238
6743.0,0.09385493365378997,4.205805309589768,25.545315505891264
6745.906,0.0936032226302649,4.206048771854189,25.54230895746497
6748.813,0.09033262365901347,4.206063335066848,25.54021926414361
6751.719,0.0923157497164515,4.206206449170147,25.55210369405915
6754.625,0.09142837782931311,4.20619487181322,25.552140863072164
6757.547,0.08943388341669337,4.206177896579416,25.5459426566132
6760.453,0.09021377895003647,4.2062562786978175,25.549217406806633
6763.359,0.09225757683565804,4.206230608228401,25.54937706735877
6766.266,0.09114347385341752,4.206380059033221,25.542597359599302
6769.203,0.09332772009561863,4.2062646548890825,25.546102754846267
6772.109,0.08937733214512403,4.206235594005434,25.545903534658727
6775.016,0.09029298908483827,4.206389916170036,25.54527678633737
6777.922,0.0937988114451937,4.206182890812018,25.544549341531972
6780.828,0.08848997828743847,4.20634551890301,25.543421734485154
6783.75,0.09286157082303799,4.206276781824496,25.53995972798094
6786.656,0.09009572779705367,4.206431475391385,25.536955221916383
6789.563,0.09006034737471501,4.206408727939969,25.537188281909575
6792.469,0.09267515804109636,4.206379466578839,25.54202827809121
6795.375,0.09402642597389317,4.206497631674062,25.53634675969326
6798.281,0.09280928056361225,4.206453647684147,25.53016591206883
6801.188,0.09015405324233747,4.206370565154635,25.533121366966565
6804.094,0.0906119412310577,4.20622229952556,25.532177213396572
6807.0,0.08931076198238942,4.2064782735397985,25.533068629160944
6809.922,0.09128871396600405,4.206117893289979,25.53798957678387
6812.828,0.08464976919449406,4.206445577395667,25.531964758856383
6815.734,0.08996614161867128,4.20648969037919,25.53430312812632
6818.641,0.09087191447457076,4.206653419619432,25.53142084788715
6821.578,0.08033964701713683,4.205662816648282,25.531509838681373
6824.484,0.07870732873291003,4.205583231887316,25.53274591940158
6827.391,0.08302238707274837,4.205571054506716,25.524400464273143
6830.297,0.08206701598014428,4.205273252948107,25.533830273436802
6833.203,0.08199197374444148,4.2054373150693545,25.524454152826678
6836.109,0.07065589997327805,4.205266471165161,25.51736247799604
6839.016,0.07701143044103965,4.205526312663248,25.527042858516065
6841.922,0.08259260089247457,4.205468735719184,25.52163064858926
6844.813,0.08443929406115822,4.205426444966593,25.52596043763651
6847.719,0.08146649280260303,4.205522524987029,25.526451928296737
6850.625,0.07615587248113481,4.20526435869205,25.52246531245237
6853.563,0.07957783598675268,4.205401069309031,25.52072098348281
6856.469,0.07571880493775796,4.2053982727501635,25.522374884882197
6859.375,0.08100755566074438,4.205584932959497,25.524173154736236
6862.281,0.0822731575938047,4.2056155993312325,25.5280472152882
6865.188,0.082491544786773,4.205353170447768,25.526556407219577
6868.094,0.080532341820188,4.20542641721325,25.518666893338594
6871.0,0.08265276537079486,4.205578829814445,25.519199573646347
6873.906,0.0801055664656433,4.205386800126664,25.525648459793782
6876.797,0.07780759243303112,4.2054127921605335,25.533451583760733
6879.703,0.08128782784400872,4.205674208919757,25.530250228834998
6882.609,0.08198125158460721,4.205378608188374,25.526358193096808
6885.516,0.08164327792656031,4.205669537303577,25.51753951571984
6888.438,0.07992735465106361,4.205524063867089,25.52416580199794
6891.344,0.08219264056182814,4.205437560995979,25.52320997938475
6894.25,0.08115696933477894,4.20555430988871,25.514280866299416
6897.156,0.08254520148252016,4.205347750060338,25.51575962756323
6900.063,0.0796442745482422,4.205473479012534,25.515479796285682
6902.969,0.08274346069185848,4.205395416786156,25.512879339908892
6905.875,0.07822459253264866,4.205424396331929,25.51984903792954
6908.781,0.07961980421601782,4.205726817508308,25.510628100606183
6911.688,0.08148604543638928,4.205401089459016,25.514926324825428
6914.578,0.08230878453429384,4.205439217345448,25.50879066939258
6917.5,0.07973321019452777,4.205559807301575,25.511758172933863
6920.406,0.08349178527930469,4.205508388669925,25.515161752614212
6923.313,0.08188181622601662,4.2056059957161605,25.507795835123037
6926.219,0.0794894920713914,4.20558150321108,25.506668092719885
6929.125,0.0818470267747039,4.205457829394631,25.5084034526085
6932.031,0.08244576702890558,4.205626130942735,25.504660848296133
6934.938,0.0805422666924443,4.205647765382417,25.506027685974605
6937.844,0.08026430494201192,4.205560590026026,25.49660721211581
6940.75,0.0816665792804158,4.2054939495224595,25.49871454799855
6943.656,0.08299184139978649,4.205481653097506,25.506530467196058
6946.563,0.08188335745796663,4.205621444089341,25.505639584771153
6949.469,0.0819927831105456,4.205553727234226,25.500580634091122
6952.375,0.07924265050989085,4.205548761890358,25.490657153772947
6955.297,0.07912002071331263,4.205884646611342,25.499742827109635
6958.188,0.08134493244774417,4.2056578441927215,25.50416524159051
6961.109,0.08028402589171417,4.205740678819568,25.505358327898193
6964.016,0.08182296106178313,4.205608151609798,25.498306232105236
6966.922,0.07952276436057291,4.205801560750492,25.498355764223795
6969.828,0.07956588317638058,4.205894726117927,25.49999058475935
6972.719,0.07971320341019662,4.2057360410548466,25.50096041831496
6975.641,0.07824336849249953,4.205772788559019,25.498060477199164
6978.547,0.07769894236872782,4.205589844053152,25.49467522729452
6981.453,0.07822922155545209,4.205788185192126,25.48721312004612
6984.375,0.07944399533979786,4.205647171477927,25.491501069524755
6987.281,0.07839656519748499,4.205757819001716,25.489846921991276
6990.188,0.08171760882605798,4.205943721457895,25.494640326548218
6993.094,0.07876861574957561,4.205913408424767,25.495159037623917
6996.0,0.0823111931204289,4.205870856314147,25.49383620722392
6998.906,0.08222537083608132,4.205787616490169,25.49390925109445
7001.813,0.07843338678903192,4.206181386930479,25.4946684137499
7004.719,0.07926956573337152,4.205571293888373,25.4917371027448
7007.625,0.08374013942376855,4.206215550789138,25.48398841770273
7010.531,0.07829574354944074,4.205973968020367,25.482070749708235
7013.453,0.07710143591818647,4.205740852272568,25.481315380144757
7016.359,0.08197282207371252,4.2057513111086635,25.48458857156974
7019.266,0.08020797668118536,4.206043837195035,25.48535189681662
7022.188,0.08135722118690457,4.205908700970906,25.482764913311108
7025.094,0.08177253646768978,4.205716684465537,25.48527501177336
7028.0,0.08049301931851936,4.205955629355912,25.479677213069085
7030.906,0.0776358209727475,4.205906879002236,25.479901979975033
7033.813,0.08047045274405944,4.205761009543052,25.478063141753346
7036.719,0.07954808706441692,4.2059716684541,25.479425417125665
7039.625,0.07839984545186149,4.206147067147658,25.47834093201115
7042.531,0.08066929724267491,4.205918558685048,25.483951046768745
7045.438,0.08024228078134071,4.206146421703991,25.4829868814052
7048.344,0.08002076028134207,4.20592333381796,25.47761941981094
7051.25,0.08030456421610284,4.206093931042919,25.47099123517408
7054.156,0.07884763213662437,4.206122617083365,25.477013338021667
7057.063,0.07948102364665958,4.206231125096684,25.47439070999705
7059.969,0.08228080248190771,4.2061108458321135,25.47478880763778
7062.875,0.0777793929615254,4.206331965635369,25.472371647819656
7065.781,0.08232374307105889,4.206067678937785,25.47919397617138
7068.688,0.0818304390247375,4.206158810242281,25.472955416073173
7071.594,0.08036084642596981,4.206000438867352,25.478459165859032
7074.516,0.07952641977676103,4.205957070549411,25.47721923342954
7077.422,0.07857359436995061,4.20614059606805,25.479914674616744
7080.344,0.07801805718436268,4.205914051715058,25.471458073470643
7083.25,0.08006611212244179,4.206312118335245,25.474414018794498
7086.156,0.08199853534103946,4.205849163910676,25.477144899907657
7089.063,0.08038553088768895,4.205942800278918,25.471166792007807
7091.969,0.07860711728772736,4.206217206752546,25.47194371187861
7094.875,0.07846088885956615,4.206434828973708,25.478006824974134
7097.781,0.08067196639385903,4.206113688989016,25.471954090497462
7100.688,0.07628552626360746,4.206488289727032,25.469614125728146
7103.594,0.07463901784082294,4.206164868723358,25.470199860812475
7106.5,0.079078803110439,4.206159022167485,25.461892809102547
7109.406,0.08025098803238546,4.206111036061524,25.464718680417725
7112.344,0.08110122490701988,4.206515986084012,25.46191082459035
7115.25,0.07790867802356116,4.20638320351282,25.463145284863018
7118.156,0.07994515393532974,4.206404599976185,25.46633384797653
7121.063,0.07976855624718843,4.20608953812962,25.4613035632945
7123.969,0.08193213092006034,4.206287661934726,25.472416795941168
7126.859,0.0782498489814697,4.206234867592278,25.46046380580627
7129.766,0.08124979970147019,4.2064189486284,25.467469720715535
7132.672,0.0781207341848097,4.206193372468081,25.465657747587098
7135.578,0.08114430072512414,4.206414238570252,25.46588269427687
7138.484,0.08145901009402051,4.206231146282745,25.457597347615373
7141.391,0.08117933174528888,4.206363186985152,25.467756403951824
7144.313,0.08203703180913116,4.2062853205668915,25.461691339715696
7147.219,0.07454792896742717,4.20657374072034,25.47002010190937
7150.156,0.06833413327360743,4.205561794853989,25.464655156610707
7153.063,0.07066784445221641,4.2054325108944015,25.46881249549789
7155.969,0.07211910153173155,4.205528349868133,25.460410450665336
7158.875,0.0700396668745753,4.205596412247821,25.450208737202075
7161.781,0.07078732034246102,4.2056699115629534,25.45822226452851
7164.688,0.06999002557326783,4.205504527084716,25.459722706812553
7167.594,0.06846455537741386,4.20546377666548,25.456329414714126
7170.5,0.07055000433881077,4.205478582847024,25.452652433955553
7173.406,0.06988575931412498,4.205369119276942,25.458510524793343
7176.313,0.07129845297927671,4.205388032994963,25.463422360633896
7179.219,0.07089153494458195,4.205292860322254,25.460029482515278
7182.156,0.07049527254358912,4.2054179454927585,25.45675844639874
7185.063,0.07018014358068093,4.205453007913587,25.4606826641509
7187.969,0.06935984315238906,4.20561617228055,25.450742963498858
7190.875,0.07057210962217479,4.205456952135341,25.45315476713007
7193.781,0.07139409338083988,4.205395247285206,25.454641248820693
7196.688,0.06910623888199731,4.205343333471717,25.45136042264498
7199.594,0.06954622948341187,4.205455250715249,25.45085020094338
7202.531,0.070403210230259,4.205402027592039,25.456808867210192
7205.5,0.07027147359535753,4.205478843925831,25.454933878822317
7208.453,0.06981146837493096,4.205389918746901,25.44963161622372
7211.422,0.07168304514100583,4.205502737037373,25.444885307312013
7214.391,0.07204977120829469,4.205750386572311,25.443263091047385
7217.297,0.06922965846357867,4.205312395488387,25.448263390827076
7220.203,0.06598003705251819,4.205440924196721,25.45495214183206
7223.109,0.07018683657556084,4.205424202231404,25.448166039761286
7226.031,0.06724384524339282,4.2053177757678535,25.44394193075493
7228.922,0.06860067713844761,4.205398791442025,25.449743888330435
7231.844,0.07290874081570786,4.205323317043609,25.444469148836703
7234.75,0.06901823907390728,4.2054309772505585,25.448653910634217
7237.656,0.06906012874988918,4.205340851363406,25.439259563033207
7240.563,0.07234635426949398,4.205386061309463,25.446127886935454
7243.469,0.06893767826803343,4.205554586514544,25.4403937596673
7246.375,0.07043290014490863,4.205350928567597,25.4377852713093
7249.297,0.07152064709413745,4.20535340974222,25.440501144080706
7252.203,0.07069902984103311,4.205768147288864,25.440606112028455
7255.109,0.07023963055908315,4.205395100522513,25.434700188521113
7258.016,0.0728228562861633,4.205479337619028,25.43707161072768
7260.922,0.07159417578348473,4.2053466755342255,25.428963143130282
7263.828,0.07039295970134471,4.205365961075425,25.428949385523815
7266.734,0.07064312474380098,4.205722904254949,25.434126039988403
7269.641,0.06745075015251692,4.205523788176572,25.437304961160702
7272.547,0.06992935992753678,4.20539902089759,25.432189471374013
7275.453,0.06945006188227167,4.205462562245963,25.429455141267216
7278.359,0.06960681822911256,4.205682972184022,25.42895840679569
7281.281,0.0711663103484097,4.20559034173735,25.427565896413128
7284.188,0.06606411757700864,4.2056357075055715,25.43557822331477
7287.094,0.0710174478333534,4.205446838429976,25.441435328465218
7290.016,0.0694231997627137,4.205645648085826,25.43212012484254
7292.922,0.0705188838125477,4.205521006725144,25.43465598600075
7295.828,0.06934989401416819,4.205536988747305,25.4347054903026
7298.734,0.06839808960098587,4.205556624075615,25.43160394756797
7301.641,0.07231374772252926,4.205463174315488,25.43844667860759
7304.547,0.07133418181944731,4.205605203205936,25.434569485566517
7307.453,0.07036472997592584,4.205638609715328,25.43358932231868
7310.359,0.0701481185882763,4.205726195605679,25.43531307334978
7313.281,0.07026240248448788,4.205596718965307,25.434215237785942
7316.188,0.06784579042446577,4.205613919256851,25.44097166347004
7319.078,0.07145172280270823,4.205568721349674,25.44084799168905
7321.984,0.07369508240199595,4.205716726022032,25.435490368524363
7324.891,0.06549343291458602,4.205653027595863,25.447146452102906
7327.797,0.07123591266801181,4.205842724044103,25.437711715390137
7330.703,0.06990497382366812,4.205462942037495,25.434676641184407
7333.609,0.06793428042918598,4.205657927494567,25.432791089674318
7336.516,0.07008127052875263,4.205808833181194,25.43017277571776
7339.406,0.06809412090681165,4.205907316329313,25.43193158033695
7342.313,0.07128547113334854,4.205575229496023,25.438364280692138
7345.234,0.06585292812408551,4.205943426431887,25.43897798134872
7348.141,0.06906693550277049,4.205929268668471,25.437849907658265
7351.047,0.06769966769170217,4.205679005922843,25.43227235247594
7353.953,0.06717253365760383,4.205868518745726,25.428990801844723
7356.859,0.06855442544191089,4.205772216473927,25.424951853990915
7359.766,0.06841799233271678,4.205766054053863,25.432080162021116
7362.672,0.06871793318287121,4.205843034759133,25.43536269820984
7365.578,0.06823577251286382,4.205806511225034,25.42316067975851
7368.484,0.0708805626184554,4.205846873455038,25.431871523166507
7371.391,0.0694344878318773,4.205769228746282,25.42758860327966
7374.297,0.06961163084738006,4.205839928128261,25.425687965218998
7377.219,0.06992591437910325,4.205745360040187,25.42087817396475
7380.109,0.06824597956422786,4.205762006172773,25.424826410662288
7383.031,0.06954643093873528,4.205880650673496,25.4287761048086
7385.938,0.06904592546852283,4.2058914458128545,25.421281083764104
7388.844,0.06748150820029762,4.205840180356059,25.419046623650743
7391.75,0.07030116728899422,4.205733601347242,25.42875348570688
7394.641,0.06763349874809829,4.205873481841828,25.414194560938988
7397.547,0.06982521579897402,4.205811246712431,25.421666742627778
7400.453,0.06933604325410285,4.205840619181613,25.41753916190638
7403.375,0.07130459930214592,4.205934897802346,25.411612033990075
7406.281,0.06938971801978357,4.205912858246165,25.40813702459774
7409.203,0.0689280430238247,4.205988404498561,25.410265555045864
7412.094,0.06923236409814876,4.205941482780633,25.420504386971245
7415.016,0.06962914793033304,4.20595256296904,25.41848309205114
7417.938,0.06921457003511738,4.205993591652851,25.41603900564355
7420.844,0.0703837374392753,4.205976538505848,25.416114220546195
7423.75,0.07141270292805417,4.206041347785667,25.41510699167148
7426.656,0.06884059695954767,4.206156118871038,25.41476172126985
7429.563,0.06909838421153988,4.205975108170532,25.41333236493477
7432.469,0.06757217168544538,4.206049440371932,25.413792048755592
7435.375,0.06873870871724838,4.206206060277424,25.414498333048183
7438.281,0.06656017032921174,4.2059941622445844,25.41641667842852
7441.188,0.0693719176246576,4.206080882900921,25.4173950637402
7444.094,0.06765509928087766,4.20598610643728,25.41553153309659
7447.016,0.0681570852304556,4.206235099719369,25.406125536836328
7449.922,0.06790415043139532,4.206166922109645,25.408819731449878
7452.828,0.06949655744533638,4.206077391464666,25.407666748192614
7455.734,0.06637148175503405,4.2059171939187525,25.405865517223592
7458.641,0.06700834157092528,4.205967072144024,25.401612051151616
7461.547,0.06740132574339457,4.206050180777483,25.411737166082975
7464.469,0.06916814865568904,4.206249725249073,25.408883435750766
7467.375,0.06797800926957204,4.205902531195522,25.403905164411405
7470.281,0.06918325588827888,4.206023475845324,25.404695914468398
7473.219,0.07072157482752077,4.206092307530701,25.410833357959653
7476.125,0.07335676860058417,4.2062456666874875,25.40844894675421
7479.031,0.06871260798825214,4.206135203779669,25.406631829029195
7481.938,0.06915439952088509,4.206124736717825,25.405247605171528
7484.844,0.06515884950601153,4.206093249888104,25.402260286725035
7487.75,0.06921242674121883,4.206021648337502,25.400709791331998
7490.656,0.0678662922315227,4.206347973957927,25.405519777178252
7493.563,0.07010891713441202,4.2061178828046195,25.41157597989624
7496.469,0.06583842923076942,4.206347780718867,25.399033494547325
7499.375,0.0678322205101173,4.206164228587164,25.401858843992738
7502.297,0.0668187278908778,4.206283024660848,25.395207137607215
7505.219,0.06654175945305395,4.206205838733743,25.399938271854342
7508.125,0.06846435546830412,4.2064188571155094,25.393755860300256
7511.047,0.06797614981364596,4.206072336824145,25.399363627888295
7513.953,0.066087066135924,4.206361096291263,25.39915065605889
7516.859,0.06722164188173187,4.206479551993357,25.401559975549215
7519.766,0.06354532414065267,4.2064256038726615,25.398036197961446
7522.672,0.06832207769326668,4.206407459066468,25.391404115324654
7525.578,0.06941710587170453,4.206342127590836,25.400707520494606
7528.484,0.06711867548040375,4.206461234474387,25.38848125010436
7531.391,0.06711557097283324,4.206418984588193,25.386500931009717
7534.297,0.0687202014760236,4.206372479547976,25.38825153988519
7537.203,0.06785382012797544,4.20646965733671,25.383044765375118
7540.125,0.06731726375008709,4.206498780880113,25.381715017744067
7543.031,0.06700968931921004,4.206408339979447,25.38562257266262
7545.922,0.07058619342731054,4.206408405415311,25.385558629859442
7548.844,0.06838671806973559,4.206424539940567,25.389887388683903
7551.75,0.06458129952616658,4.206511284356595,25.385926868572355
7554.656,0.06622955415003512,4.206644601923923,25.38993271982012
7557.594,0.05859241330676121,4.205842089026137,25.385405808392708
7560.5,0.05718122712504973,4.2055595218646955,25.390532261433112
7563.406,0.05824645533565583,4.205285282271328,25.38266761225381
7566.313,0.05558474645221568,4.205450469420182,25.379087667355478
7569.219,0.05732892297439284,4.205406340857475,25.379565304441723
7572.125,0.05938337242086216,4.205731885900858,25.376486764393817
7575.031,0.05617814863259857,4.2055561441771125,25.377998007424463
7577.938,0.05721645213863731,4.205527790413345,25.37988003238736
7580.828,0.05748732912373456,4.2057529179848006,25.386226017415563
7583.75,0.05904558932936834,4.205472906519961,25.3851546563027
7586.656,0.058203988123965864,4.205831612917654,25.378601843827806
7589.578,0.058085558980888984,4.205444679956384,25.37983612574034
7592.484,0.05730613739614508,4.20551363662691,25.377330517733963
7595.391,0.05888831836461033,4.205632491471238,25.380045922996217
7598.297,0.061160930060984435,4.205758532481342,25.378043119917038
7601.203,0.05772663327520217,4.205710453546324,25.383226009983947
7604.109,0.060244827894691454,4.205252316482574,25.38284780390678
7607.031,0.058754232634699546,4.205494838440968,25.373554316701906
7609.938,0.05822227441494725,4.205413890605943,25.38330153379309
7612.844,0.05743702711654702,4.205457439190968,25.382319745146507
7615.75,0.058242424402650685,4.2052100138956,25.383726319110913
7618.656,0.058861800485928074,4.205461550419965,25.375471599593673
7621.563,0.05839206370515998,4.205365588662771,25.368759956022533
7624.469,0.05682991524536166,4.205320055694589,25.379948317973625
7627.375,0.05910947300341575,4.2055057410615495,25.373993346604774
7630.281,0.05774290120871044,4.205272443291927,25.37036078601023
7633.188,0.05996810833047904,4.205588307866324,25.373618738102998
7636.094,0.059633713314772976,4.205467528485392,25.370995944537817
7639.0,0.05899177850347389,4.2053892983385825,25.376321650404396
7641.906,0.05883046995608305,4.20547276566145,25.370992828624644
7644.813,0.055748765699842974,4.205599838710308,25.366226603536983
7647.719,0.05976534923035735,4.205391664093941,25.37346801288736
7650.625,0.05576119932910695,4.205505051588056,25.368907533971047
7653.531,0.0596912211888627,4.205404303235421,25.369269615984965
7656.453,0.05898619497890344,4.205739942734923,25.368694886560117
7659.359,0.05767501613859785,4.205427597894053,25.377679442954122
7662.266,0.056826861373188584,4.205523941196261,25.36825827815136
7665.172,0.05804071190488563,4.205443524599451,25.368166688169023
7668.078,0.06000401897705239,4.205462319555337,25.3740556565766
7670.984,0.05955410256434965,4.205331422371879,25.36656587960439
7673.891,0.05775272352694138,4.205480163696045,25.363796977451262
7676.797,0.05786459672123815,4.205466214269941,25.365574987969666
7679.703,0.05963953895355768,4.205561749884254,25.36528911006061
7682.625,0.059934575546465974,4.205426416400084,25.36743237282603
7685.531,0.058087629581391034,4.2058258773498,25.364640023251617
7688.438,0.05656255458685055,4.205234813568117,25.36215561154136
7691.359,0.06036821030997221,4.205606790320637,25.367644536284566
7694.266,0.060291039992578656,4.205342108801243,25.365611464657306
7697.172,0.05987660042429651,4.205752298187371,25.36327709167012
7700.078,0.05736011560014247,4.205489485507855,25.368168448688547
7702.984,0.05672738919901031,4.20560791629124,25.367605351649733
7705.891,0.05820300243436513,4.205513452545013,25.36535472306702
7708.797,0.05836579949782552,4.205622991870794,25.36430454068766
7711.703,0.05884626349935231,4.20555914022325,25.36320405567437
7714.609,0.06024627684726186,4.2056211944583985,25.365082143923527
7717.516,0.05964389495186099,4.205951403924542,25.36870634960289
7720.438,0.05515834889981274,4.205590515416154,25.369377656854958
7723.344,0.05864470886722304,4.205439536594336,25.367434086301074
7726.25,0.05667661365968615,4.205374655024709,25.364770670990342
7729.156,0.05816373052829991,4.205637141794531,25.363856686544587
7732.063,0.05779914405221304,4.2056081769679325,25.35985573887332
7734.969,0.056727879248661205,4.205657988478681,25.35900662752546
7737.875,0.057965759723632125,4.205782907172648,25.354543324555433
7740.797,0.0583407454929115,4.205778209071836,25.35835123302702
7743.688,0.058593385569305115,4.205520829406955,25.360412050805248
7746.609,0.06011419750249733,4.20557619086096,25.352970798011075
7749.516,0.05837454690336867,4.20568735503799,25.354053720550322
7752.438,0.06105859388352487,4.2056083955878965,25.35707957060039
7755.344,0.05914433448762802,4.205577867493607,25.36071513436713
7758.25,0.06147464785346976,4.205413915605381,25.357347781295797
7761.156,0.0565186840726332,4.205815212176927,25.36391169826178
7764.063,0.05933791634729371,4.205630113617482,25.36682147495487
7766.969,0.06126469584867483,4.205510645925379,25.35344224973084
7769.875,0.05841771672619165,4.205939118816469,25.359514768162903
7772.781,0.05951772424907708,4.20571615771402,25.36042403852454
7775.688,0.05709717361158749,4.205662515902448,25.362810428778474
7778.594,0.05789502883116532,4.20569650274703,25.36516760185999
7781.5,0.05823683805273777,4.205742400349055,25.35783874805322
7784.422,0.05496419331722321,4.205891801503397,25.361409336535655
7787.328,0.05753697865007464,4.20563351225245,25.36556262858165
7790.234,0.05698910134586899,4.205871163688604,25.358362853834745
7793.141,0.05725632200183091,4.205868825885942,25.35678104173782
7796.047,0.05767779950753446,4.205696501982876,25.355390706710732
7798.953,0.055334071922195735,4.205850368320295,25.351161043677997
7801.859,0.05601721427501987,4.205833900041408,25.348868421035203
7804.766,0.05948108640587742,4.2058252936063845,25.349982414057266
7807.672,0.0587191895504866,4.205694260041389,25.34097848637056
7810.578,0.06047383790280565,4.205788541474415,25.345529592669035
7813.484,0.057023663367075664,4.205846824523291,25.3446935161393
7816.406,0.06059800577511642,4.206062233778072,25.348826262891276
7819.313,0.06011354045117469,4.205728389541796,25.346162345388535
7822.219,0.05875942865128427,4.205962899729993,25.339155185234446
7825.141,0.0564301448072781,4.205824065914329,25.34686547962557
7828.047,0.05766084720364135,4.205785009198319,25.337667295209297
7830.953,0.057230946628280537,4.2061611700438535,25.33633019990833
7833.859,0.05656993758572714,4.205812028401677,25.331709912876253
7836.766,0.05615195725359954,4.2059127836025105,25.342237267377772
7839.672,0.05735112966030882,4.206083971278806,25.342642881416076
7842.578,0.057848523327798385,4.205892715272971,25.34875832809545
7845.484,0.057083299101000136,4.205873926312055,25.343715808170423
7848.422,0.054799536045542815,4.206145822878256,25.33545964861217
7851.328,0.05850469665929681,4.205896903799119,25.340189939072193
7854.234,0.05631931692308948,4.205933519649592,25.334339815581725
7857.141,0.05383429704575257,4.2060993692962105,25.3327361497074
7860.047,0.058487961374655235,4.20597767125013,25.339804894264066
7862.938,0.060483304810328556,4.205810608225877,25.3361335918462
7865.859,0.057158263679907485,4.20577259907728,25.3379602968623
7868.766,0.056973685480325394,4.205785378115854,25.337103072646155
7871.672,0.05758271226356461,4.206019709631512,25.340512396374557
7874.578,0.05596845797924324,4.206146094894397,25.336836751914756
7877.484,0.053009350355388105,4.20604946982342,25.33753100000638
7880.406,0.05888199190402989,4.20625949262503,25.33497884437344
7883.313,0.055123420905080656,4.206053428215289,25.335163162724616
7886.219,0.060403077591304595,4.205832330192374,25.341103554107896
7889.125,0.05800469278647179,4.205877686516443,25.335982185906627
7892.031,0.0521770078709317,4.205986718144478,25.337616945977388
7894.938,0.057697587957211,4.205969330574577,25.336731631549462
7897.844,0.05965052990436235,4.206200249553937,25.33937556902937
7900.75,0.05763229024625231,4.206077724164672,25.339300284011003
7903.656,0.056775035739762815,4.20616902408438,25.342796741665406
7906.563,0.05832790818575979,4.206038441367097,25.33950037175599
7909.469,0.05323243825793033,4.205874699514251,25.33844253502621
7912.375,0.05643260303473772,4.205972012097133,25.3321695656795
7915.281,0.05555852080414985,4.206204961157315,25.338456044338265
7918.188,0.05832260303794246,4.206176756711553,25.341812114246434
7921.094,0.05362741099992405,4.206169211479502,25.335937965317992
7924.0,0.058024569170869865,4.205909092733605,25.329665948189515
7926.906,0.05936446120954542,4.20643517985553,25.337238723526703
7929.813,0.058364158358138456,4.206093515740143,25.332126243607092
7932.719,0.05672472385735296,4.206093307546347,25.33241677865041
7935.625,0.06045826078460324,4.20615162354248,25.32092264406439
7938.531,0.05770088119386537,4.206092698967096,25.3297216346513
7941.438,0.05577163749786962,4.206300835445132,25.332411379415746
7944.344,0.05912855558148552,4.206046258942658,25.328261900203028
7947.25,0.05986975520199615,4.20610910685276,25.323811984398784
7950.156,0.05706177355602519,4.206136420919669,25.32404570708229
7953.063,0.057605167891463256,4.206291363395007,25.328580899891318
7955.969,0.05570977423383358,4.206299250741016,25.32264644770207
7958.875,0.05466321977570045,4.206265313998148,25.3319280815097
7961.781,0.055591890211868056,4.206226708464861,25.331005700391874
7964.672,0.05784722721107627,4.205952952569717,25.32912250566939
7967.578,0.058330210338494295,4.20651337409427,25.32655340817564
7970.484,0.05789213482476687,4.20617501196333,25.32858027889048
7973.391,0.058186821982257914,4.20619176985039,25.32600458275954
7976.297,0.05740735356131876,4.206625191311427,25.31844651513211
7979.25,0.04981159093484814,4.205538591732348,25.32812166484193
7982.156,0.04711927401038615,4.205392581369553,25.3241492819729
7985.063,0.049519343986758134,4.205448731951305,25.327745528987606
7987.969,0.0475675038370192,4.205571597120046,25.31651925407744
7990.875,0.0451759182632594,4.205554381820129,25.316487232162288
7993.781,0.04760503825958903,4.205214311514034,25.316472467105083
7996.688,0.0500856239855763,4.2052520448246264,25.318561916495433
7999.594,0.04762253335889323,4.205212396182498,25.316885432406174
8002.5,0.047452389359240045,4.205299749844326,25.320587008652662
8005.406,0.04721233479152098,4.205271621736225,25.325817988550718
8008.297,0.048908436238316796,4.205385692268435,25.315301008474822
8011.234,0.04991050324556477,4.205140183118015,25.31990273946377
8014.141,0.044985079524285015,4.205259071616757,25.3242732328562
8017.047,0.04769355645939552,4.205319829280229,25.310854005289155
8019.953,0.04724566992097082,4.205249649032997,25.31402979226766
8022.859,0.04844271803384914,4.205288022893028,25.316098542194585
8025.766,0.04872960483638413,4.205055405822899,25.31840163555915
8028.672,0.04564583598211365,4.205415941485331,25.32238010583999
8031.578,0.047333957582531686,4.205122651365434,25.31617116003306
8034.469,0.04896282541782552,4.205008259860372,25.30954880728107
8037.375,0.04662137623771418,4.2053827614921975,25.313644615600097
8040.281,0.048134696863110414,4.205384530679223,25.31600896100383
8043.188,0.04886093829085761,4.205432958193481,25.316491854006436
8046.109,0.04838481447209643,4.2051196038745635,25.316611445745984
8049.016,0.04873170309953734,4.205154422065148,25.313587283565063
8051.922,0.04987211426433782,4.205222158566105,25.31053695767851
8054.828,0.04919047841408074,4.20544179103493,25.310290381618508
8057.734,0.046265522481657384,4.2051105842499865,25.311150272925165
8060.625,0.04768251685431669,4.205451190086791,25.308302426792192
8063.531,0.04903721364364353,4.205217224099527,25.309918810967094
8066.438,0.04584520863948244,4.205101408494491,25.313985307353462
8069.344,0.04936241753400995,4.205275497279929,25.31743312068512
8072.25,0.04684600314988747,4.205271398774749,25.31572237198151
8075.156,0.047846434046460926,4.2051611922087,25.320035361427028
8078.078,0.049631261025971124,4.205111146407091,25.316952746715263
8080.984,0.046646485572365934,4.205286953195456,25.30850334279369
8083.875,0.048124643033304236,4.205049746175212,25.304588123895563
8086.781,0.04856598545195011,4.205207218662844,25.312236035029688
8089.688,0.04762753084816599,4.205217752383864,25.30803343479222
8092.594,0.051480521950415005,4.205328054292769,25.311480955072746
8095.5,0.04723634683958723,4.205302499817738,25.301981329861462
8098.406,0.0465731442200431,4.205147514555528,25.309154719737567
8101.313,0.05155032358383765,4.205185160013087,25.308148845496778
8104.219,0.048357838942346805,4.2052642420465585,25.31188277305957
8107.125,0.04896850632411892,4.205306559521779,25.305172382671234
8110.031,0.04564345104688276,4.205331089355072,25.304597268738924
8112.938,0.04675076675379916,4.205133066197152,25.304441760605187
8115.844,0.048422318725288155,4.205363220436269,25.301264479098567
8118.75,0.04921279333378906,4.205122284874476,25.30316076839667
8121.656,0.04615025220778408,4.205286312363519,25.30861194844255
8124.563,0.050102150287954145,4.205333384553181,25.309047498499638
8127.469,0.04933513020186171,4.205098824687278,25.31712625656889
8130.375,0.04248305115606571,4.20500978514973,25.312720714054873
8133.281,0.04491077519229725,4.205150913893618,25.30794025597435
8136.188,0.047375155681698325,4.20517871103228,25.31587782109297
8139.094,0.049767473069828295,4.205232902710246,25.30668223922326
8142.0,0.048638498513560446,4.205272439640787,25.308069143336613
8144.891,0.05080953819438961,4.205205255611039,25.305872716700858
8147.797,0.050655362528156875,4.205300245149048,25.304734228094237
8150.703,0.04879596363465008,4.205297108114747,25.310393145013748
8153.609,0.04678165698797996,4.205254124587177,25.31397998392807
8156.516,0.04654917976453929,4.205476839447522,25.30723321629093
8159.422,0.04451785296926161,4.205408668799323,25.303229024233318
8162.328,0.04701475862006758,4.205236504821854,25.310039237624608
8165.234,0.04974652926958525,4.20544221504607,25.30578580649741
8168.141,0.04865709406418119,4.205215848581101,25.304254021203015
8171.063,0.046652554645610154,4.205345785810808,25.29990582367522
8173.969,0.04680644155085525,4.2052342899338395,25.298974332337572
8176.891,0.04651575705719611,4.205459338250294,25.301578478038945
8179.797,0.049470319905513226,4.205594882166088,25.296600950671124
8182.703,0.04709183405612934,4.205395127398592,25.29883968626562
8185.609,0.04904497389495542,4.205337844208503,25.293637540674748
8188.516,0.046815911244677426,4.205330286961407,25.289763336429772
8191.422,0.04806774282744095,4.205257969035487,25.284151594339356
8194.328,0.04401935600721591,4.2055897106559135,25.295162576186858
8197.234,0.048247781573409206,4.205692369905264,25.299907089767697
8200.141,0.047502048065648055,4.20546168462167,25.295760793406508
8203.047,0.04837905557910695,4.205548310697696,25.302992445637088
8205.969,0.04381051744777612,4.205577967793328,25.300381908786743
8208.875,0.046662275130244485,4.205314252486698,25.30071484768331
8211.781,0.04907588085834378,4.205393124689544,25.299188085763706
8214.688,0.045839121051103694,4.205605907714009,25.298871915365556
8217.594,0.04859242956088836,4.205492239190403,25.2969866522267
8220.5,0.047263642223943664,4.205678419321141,25.294404954486822
8223.422,0.04446762853621659,4.2054838672656,25.295258857915066
8226.328,0.04753799648709603,4.20553841625786,25.294177145192553
8229.234,0.05123168504651974,4.205393740023641,25.294578573778484
8232.141,0.046594556677221184,4.205328886087807,25.28909795265383
8235.047,0.045099372494285854,4.205388467970984,25.291601654748963
8237.969,0.046415883546208424,4.205497197155566,25.290962669323864
8240.875,0.04498165519263602,4.205321005813594,25.29005191719967
8243.781,0.045448685812368425,4.2053407409205255,25.286749311564908
8246.688,0.049397713127758106,4.205651090257205,25.28463092217023
8249.594,0.04579147476980682,4.205540467154756,25.278312302255124
8252.5,0.04628563885133399,4.205486207096251,25.282212385992153
8255.422,0.04758801189158896,4.20568494929141,25.284199703484376
8258.328,0.046169730943458775,4.205503753519372,25.277986074876214
8261.234,0.04772502097067392,4.2052730292120355,25.277400733773607
8264.125,0.04440213192329103,4.205390001514836,25.282267392016244
8267.031,0.04996594255228957,4.205520714122864,25.27978751869866
8269.969,0.0479238765997036,4.205465461160325,25.27357481231961
8272.875,0.04686869834458801,4.205607007324226,25.273773628222987
8275.797,0.04771293680009126,4.205385482654741,25.27574148483455
8278.703,0.04808079030968367,4.205288147455542,25.278201743788458
8281.609,0.04562204227192381,4.205529145053003,25.285957459095975
8284.5,0.044973074959154785,4.205491429064925,25.2864320848798
8287.406,0.047504413061953334,4.205390797226108,25.27893185261402
8290.328,0.04656929900883422,4.205444191871623,25.289554215103383
8293.234,0.046817247554524856,4.205215204671056,25.28453289276416
8296.141,0.04583535278137878,4.20546509898719,25.289549311885718
8299.047,0.04653033108569641,4.205533099220648,25.290594143334214
8301.984,0.0376511587223595,4.205540904324678,25.27939742489172
8304.891,0.045979777574021025,4.20549894008976,25.278690068139092
8307.781,0.0506995300402459,4.205533128958038,25.274404024646905
8310.688,0.04623350179478161,4.205658297268603,25.280543871754425
8313.609,0.046145663452518415,4.205783344288021,25.28664083260977
8316.516,0.049188381562790436,4.205735897451104,25.278942854784326
8319.422,0.045949585996724066,4.205825073008238,25.280192565442636
8322.328,0.043917896290581966,4.205910853029831,25.28664009010039
8325.234,0.04611208610365162,4.205586346958999,25.28511189428827
8328.141,0.046624179641536784,4.205704109020988,25.27393410348801
8331.047,0.04808636753377745,4.2056558346676285,25.276266807928163
8333.953,0.050283040380453246,4.205755514936557,25.275906221778982
8336.875,0.04602177056650006,4.205530958659384,25.28712571237273
8339.781,0.04748778748592169,4.205639813936216,25.287599301625768
8342.688,0.04591872792923803,4.205644501985722,25.28099294723081
8345.609,0.04508739527593541,4.20541058109109,25.276668869262885
8348.516,0.045933917113095905,4.205829320926243,25.27056817575371
8351.422,0.04591059440532548,4.20566190337217,25.271223248689243
8354.328,0.04497888899410677,4.205782423212605,25.271992295776748
8357.234,0.04370091061229603,4.205639449612911,25.27174701198106
8360.141,0.04704138223883966,4.205609815916686,25.2696209729301
8363.047,0.045776011048651005,4.205844764906606,25.264189374576286
8365.953,0.04668388192463457,4.205484251338291,25.271534210170135
8368.875,0.04463663120628901,4.205197370067159,25.271386612059516
8371.781,0.04579282110662933,4.205850273512258,25.272226082962316
8374.688,0.047240616758332424,4.205737431693639,25.263456069264823
8377.594,0.04459000014996771,4.205702675984215,25.263423940822012
8380.5,0.04646547633400163,4.205908195928592,25.265124166574545
8383.406,0.04702587581128327,4.205729715495341,25.270093429336324
8386.313,0.04643016312110795,4.205925244894145,25.266397758143704
8389.219,0.044895023648113826,4.2058051697634085,25.267661179352498
8392.125,0.0472076765321334,4.205584177202167,25.267994928350696
8395.031,0.046944942648380616,4.205790354718809,25.273999828148323
8397.938,0.04467814243678177,4.205875337718292,25.27596011376433
8400.859,0.04795562436605802,4.205258929149077,25.26943075902592
8403.766,0.0469726072941948,4.20566294240193,25.26713262219124
8406.672,0.04755603093343327,4.20572867086179,25.25760171983448
8409.594,0.0458581948340391,4.205654239206269,25.261367138606282
8412.5,0.045646095416839505,4.2058679281828555,25.265032422695125
8415.391,0.046115549752809216,4.205682693375871,25.26500009305389
8418.297,0.048942407336052214,4.2057344096305656,25.2670736205984
8421.203,0.04638431442534661,4.2058749721771935,25.272283271239598
8424.125,0.04884756641483763,4.205903164082308,25.267808275077574
8427.031,0.04515035593681984,4.205659212718248,25.2691298374829
8429.938,0.04608789517975486,4.2058927339420915,25.26494580666344
8432.859,0.043738046718585145,4.205828417087613,25.270628873978232
8435.766,0.047457679917881274,4.205679979068243,25.274938274541867
8438.672,0.0468575902786222,4.205795286697574,25.277891554378815
8441.578,0.04971585251923346,4.206013944215552,25.2791065789591
8444.5,0.04783877935871393,4.2058762860179035,25.281494301476464
8447.406,0.04813077782941481,4.205764507550082,25.272110549995567
8450.313,0.04806848994745382,4.205909395051895,25.2638520277246
8453.219,0.04884140050199216,4.20586660385073,25.273712462438873
8456.125,0.04492846848663629,4.206059144287705,25.26066920735881
8459.031,0.04525275548581456,4.205811512040965,25.262514253555466
8461.938,0.04645430012971984,4.205893123283614,25.26463037009025
8464.844,0.04720242296034912,4.205949541015536,25.25987882415681
8467.75,0.04797093772709092,4.205942729108475,25.26117366462695
8470.672,0.045215186650368985,4.205817691757405,25.25715473438314
8473.578,0.04471607321198992,4.20582600044502,25.257987690711595
8476.484,0.04712886581018061,4.205868307087083,25.261077169987576
8479.391,0.046934183124246374,4.205989072275985,25.255611304451374
8482.313,0.04578710391629357,4.206044530713565,25.258895810624477
8485.219,0.04719053261001119,4.206210361963706,25.25988594118153
8488.125,0.04879989318350314,4.205882652994245,25.258748828897012
8491.031,0.049122595085764914,4.2058162759524205,25.25999076701942
8493.938,0.04472952848807504,4.206088930797602,25.25937139548619
8496.844,0.04929703059145982,4.206080073913031,25.260916187556855
8499.75,0.04620799581950974,4.205814800613098,25.260073219322678
8502.656,0.04689046315189368,4.205923794351616,25.251288754032934
8505.578,0.048826623630487016,4.205968651861474,25.25879639862762
8508.469,0.049422909874144307,4.206055816574616,25.26102250112013
8511.375,0.04617725551019029,4.206243801296997,25.25717749903345
8514.281,0.04509331262262733,4.205946001003568,25.25700249317147
8517.188,0.048203925234680325,4.206117666598692,25.257020425842082
8520.094,0.04749486286492848,4.206106387969076,25.258177844211655
8523.0,0.04508179893915797,4.206007053071232,25.26355247847679
8525.922,0.045195566543857854,4.2060175616491495,25.261367177580876
8528.844,0.047263190683308504,4.2060576312733975,25.265003130582603
8531.75,0.04538304868746872,4.206146376863269,25.260515120589424
8534.656,0.04252258378420713,4.20637375741293,25.263834112286183
8537.563,0.04165456218665464,4.206095272526193,25.264540504369783
8540.469,0.04445410112767592,4.206091521106085,25.263390635012563
8543.375,0.043682285131304295,4.206162855439747,25.26829843531011
8546.281,0.044100449990362736,4.206222106510239,25.264605499181364
8549.188,0.044694637690293755,4.206259728365457,25.26729268767547
8552.094,0.04988631906781288,4.206187647645855,25.260621302403003
8555.016,0.04463700197436588,4.206064948713169,25.26885978901316
8557.922,0.047238337272638806,4.206192949966659,25.273304070947976
8560.844,0.044364059386093606,4.206124767511616,25.256738695709966
8563.766,0.04348815128925135,4.206067850218668,25.264399396267006
8566.672,0.0456022881779036,4.205949258020746,25.259324186047518
8569.578,0.04529953439042409,4.206150772722102,25.26615187468415
8572.484,0.04400501107394141,4.206270740001673,25.258752363977667
8575.391,0.051673070432660395,4.206327417890943,25.25640916439173
8578.297,0.04458627731870195,4.2060540153107615,25.252835399961192
8581.203,0.04746136785998345,4.206150428616218,25.255380230465605
8584.109,0.045598730000478344,4.20633080194479,25.255222372612227
8587.031,0.046581981895170335,4.206325727469867,25.24908599746409
8589.938,0.043942920014929054,4.206098233158565,25.255736529043453
8592.875,0.04947102303521759,4.206307667897891,25.254967716505607
8595.781,0.046303163353088324,4.206202467772837,25.260602977272335
8598.688,0.04829289415391488,4.206404630931468,25.258948441383087
8601.594,0.04541137175850345,4.206120351527905,25.25962891130808
8604.5,0.04558963395742807,4.2062114434656355,25.256562851804926
8607.406,0.051722378846634574,4.205871911696275,25.258643752915905
8610.313,0.04322940060057034,4.206227497066655,25.249655806746013
8613.219,0.04568575952701756,4.206506640362632,25.25226275197267
8616.125,0.04026523113005223,4.205658602298709,25.258237664718934
8619.047,0.04467328780749317,4.2062953707075055,25.254831281520097
8621.953,0.04611969208339142,4.206117557151227,25.255975881175004
8624.859,0.04477659622460383,4.206158021622248,25.25993683453329
8627.766,0.047201239661815636,4.206306651638423,25.248577994235895
8630.672,0.047230485721272836,4.206447946677211,25.249322946684156
8633.578,0.04214981665881294,4.2065939437848865,25.248019394419256
8636.547,0.03651703307657832,4.205571925404732,25.249288271602435
8639.578,0.03645746943166528,4.205400564200865,25.246523463233697
8642.484,0.03395399267372554,4.205188804344178,25.25477717196025
8645.406,0.033981680989545786,4.205454206328572,25.252592043026674
8648.328,0.03625617409903248,4.205349598164084,25.25558351174993
8651.25,0.035654324007982345,4.205519936256572,25.248303230280047
8654.156,0.034061365629770364,4.205484471843517,25.25085098558636
8657.078,0.0351659185787546,4.20521292922414,25.24408681930763
8660.0,0.0360324794065064,4.204981119145423,25.24510690856277
8662.938,0.03669165121150607,4.205102684208835,25.244981536814702
8665.844,0.03906077508694626,4.205069166830944,25.243627279405043
8668.734,0.03682396847934812,4.205532522313165,25.24725800388344
8671.641,0.036823735346006935,4.205175841365418,25.2359382963875
8674.563,0.03130137763289241,4.205216562194025,25.237678466404223
8677.469,0.04025684475353359,4.205073926796284,25.237504914774174
8680.375,0.03550611214156812,4.2052887329571425,25.2391869539402
8683.281,0.038876698675667995,4.205285168427187,25.23606447880144
8686.188,0.035430475769436365,4.205447289918552,25.242334781626678
8689.094,0.03591528768849267,4.2050280988712,25.239758275362203
8692.0,0.035920695807481536,4.205114807030853,25.243859028992354
8694.906,0.037712752007626894,4.20510075856588,25.238825710542468
8697.813,0.035312426913891276,4.205170745401353,25.241589740920876
8700.719,0.034985442506172595,4.2051168555926886,25.242860702115195
8703.625,0.03421251419052968,4.205224631558612,25.24012497844855
8706.547,0.035726428314230556,4.205087204115718,25.239300804484046
8709.438,0.037769909069998976,4.204971060733829,25.2339192448111
8712.344,0.0384480614922123,4.205001880583509,25.235609913273425
8715.25,0.03716388485781246,4.205197630998394,25.24213008168789
8718.156,0.03619503792175898,4.20529829693176,25.24501616173978
8721.063,0.035985192763740424,4.205720524362036,25.24205356959115
8723.969,0.03906982487875263,4.205090213751004,25.242874089281177
8726.875,0.038001210899916704,4.205041261968556,25.242489106129295
8729.766,0.0356807806824225,4.205028786542649,25.233880175621422
8732.672,0.03808064682313934,4.205116363082393,25.238544914623354
8735.578,0.035331765515242905,4.205210052481506,25.242764087537108
8738.5,0.036991197805098054,4.205404817421719,25.239920933512966
8741.406,0.03717037995158236,4.205138501570077,25.24184252996471
8744.313,0.037657723970087174,4.205195527383229,25.239393265101597
8747.203,0.038158586410980785,4.205188654345254,25.24021139139756
8750.109,0.03712098721215621,4.205270164581747,25.2393722624577
8753.016,0.03920430861677896,4.205052815931676,25.239417980493116
8755.922,0.03713485043177763,4.204954250296149,25.236949478027007
8758.828,0.03509539094051973,4.2049591277880305,25.230530437071472
8761.734,0.03943959932808549,4.205244848010246,25.233263177197742
8764.641,0.03523495383871386,4.2050517805359044,25.23312374049258
8767.531,0.035541241300195474,4.205066482925811,25.231269777935413
8770.453,0.035722204438923225,4.2051429043432,25.230285397562522
8773.359,0.03738685374047917,4.205212007208003,25.22193810280184
8776.266,0.035632820181261446,4.20503270452642,25.23329637150216
8779.172,0.03501188416619,4.205028080203568,25.2363830147258
8782.078,0.03536179260377608,4.205199488120939,25.238388606315425
8784.969,0.03564835965531764,4.205244629084657,25.225709130945244
8787.875,0.03933381251460647,4.205077010857703,25.232874874541125
8790.781,0.03357329352300587,4.205066607437568,25.230005530551903
8793.688,0.03832755229331897,4.205293136463985,25.233837343104938
8796.594,0.0383780902321477,4.205335919620451,25.230234083978477
8799.5,0.03457609339520605,4.205328592331468,25.233437566377166
8802.406,0.036452578826206866,4.205152533188465,25.229359665588067
8805.313,0.039177659397361723,4.204982781366306,25.235208940975166
8808.219,0.041087068469258484,4.205260990543015,25.231263058148222
8811.125,0.03374919555938827,4.205237944659336,25.236818440534712
8814.031,0.03397572530966169,4.205267450104186,25.230253415977916
8816.938,0.03753676152123817,4.2052302032853515,25.231282520484225
8819.844,0.036412079190917844,4.2054713446464085,25.2299773778603
8822.75,0.033475634717498925,4.205202679088326,25.2311537390654
8825.641,0.034965887948320756,4.205115068073678,25.22701180184958
8828.547,0.03818506527834884,4.205372119970798,25.23201913073521
8831.453,0.03607163944034262,4.205034720835268,25.232508749579903
8834.359,0.033277769334227804,4.204991004753752,25.23798109548709
8837.266,0.03335947792232565,4.205138575995952,25.232105166098645
8840.172,0.036543478046292543,4.205087480385631,25.22926618624873
8843.078,0.03613355399485317,4.205216120690671,25.231219686203975
8845.984,0.035571209571888404,4.20542713889609,25.227787466377826
8848.891,0.034146749581460335,4.2052847909418105,25.224583256223358
8851.797,0.03468969474815706,4.205482603079023,25.23102474200433
8854.703,0.037812180328239006,4.2053500860957,25.230663902069995
8857.594,0.034890405414254866,4.205331924073306,25.231884858230625
8860.5,0.035889108098340165,4.20520408263021,25.225706260681765
8863.406,0.03657906103535313,4.2051737977060695,25.219405234125777
8866.328,0.03628856065165817,4.205275011033348,25.23000509693703
8869.234,0.03740344070476779,4.205125158446655,25.226624736377612
8872.141,0.037859706575948227,4.205394178488012,25.221641675789066
8875.047,0.035090316422852326,4.2050863822705145,25.22492294409785
8877.938,0.03433512046600281,4.205233712685655,25.228411584487866
8880.844,0.03725668739300108,4.20523505565031,25.23271626860433
8883.75,0.035150239803477645,4.20523973927841,25.235840672681814
8886.656,0.036768915102998935,4.205179855263178,25.229579448289353
8889.563,0.035530149643037565,4.205611858599375,25.22214113554512
8892.469,0.0359700206762222,4.205495442888533,25.22851681209198
8895.375,0.03579477455534416,4.205191242068646,25.224109002166397
8898.297,0.037265069800330786,4.2052467343679005,25.223763507952533
8901.203,0.039080380236059135,4.205052186839045,25.230679955299586
8904.109,0.03558267516116943,4.2053984509755304,25.22705191491239
8907.016,0.037080065047068456,4.205150309384281,25.23182930558236
8909.922,0.034223351866804336,4.205181277106049,25.231466038098414
8912.828,0.033357528952916195,4.205006322324044,25.230701991096765
8915.734,0.03467495138307896,4.205496747360177,25.228366329673815
8918.625,0.03863384016536284,4.205282443085957,25.219833247403955
8921.531,0.036273148736551554,4.205406969556252,25.22524057983782
8924.438,0.03708579326861395,4.2053078523932905,25.232321798143452
8927.344,0.0354896637962945,4.2053523878611605,25.22378701576327
8930.281,0.03758568775732027,4.205349823573319,25.223196790821564
8933.188,0.03347276382513053,4.205287833166915,25.227748004437956
8936.094,0.03499002543901126,4.205096732564431,25.23265188512145
8938.984,0.03573216991230788,4.205270536503429,25.234231857685494
8941.891,0.03680909814326731,4.205406203823219,25.236569315505484
8944.797,0.03238135920970053,4.205235386512761,25.240567735814135
8947.703,0.03543886558264496,4.205248649953938,25.239325049584973
8950.609,0.037173960418400674,4.205306144860818,25.23254927088282
8953.516,0.03474539739972656,4.2053270925224995,25.23551098123729
8956.422,0.03544763860643888,4.205148764336914,25.232843127756688
8959.328,0.03498332195248105,4.205120220901119,25.230311625275323
8962.219,0.03776292341940376,4.205243199660011,25.232221719415463
8965.141,0.035083849227917435,4.205371619951714,25.231023619892532
8968.047,0.03719334824501953,4.205285913759417,25.236924606043196
8970.953,0.03549957009289423,4.205363648399556,25.229084715070552
8973.859,0.03629293280275557,4.2054572611355985,25.228392426049417
8976.766,0.03499698471465087,4.205420129810399,25.22499934345491
8979.672,0.036222580904932536,4.205574232692263,25.21277172830118
8982.578,0.035950854434789174,4.205823799134961,25.213483211553466
8985.469,0.038089448682152305,4.20553852981422,25.220722223225778
8988.375,0.03290772969978494,4.20553165048511,25.21572104666639
8991.281,0.03592694060943234,4.205436600600696,25.219022203003462
8994.188,0.03669349667360731,4.205576787341188,25.222661888884517
8997.109,0.03601681622419966,4.20541646940876,25.227073952349087
9000.016,0.035681534550357684,4.20525053479473,25.221072252738363
9002.922,0.03627112321438255,4.205222308777008,25.211607981390507
9005.828,0.03406030732654895,4.205270136235746,25.21745821543482
9008.75,0.036553741354768826,4.205495820411003,25.21313068808166
9011.672,0.037259078804646226,4.2051898013855435,25.212536442740323
9014.578,0.03417835554268715,4.205443151661398,25.213761876063494
9017.547,0.03969797876768191,4.205260431707247,25.213701059682354
9020.453,0.03815735929242548,4.205474132664872,25.213495653066932
9023.359,0.03607406121066612,4.205089461933208,25.211202297333326
9026.281,0.03403002007880445,4.205501397461908,25.210257092077395
9029.219,0.033993651087755296,4.205469117396549,25.21498538684172
9032.219,0.032897688928693845,4.205514905263091,25.210593833396512
9035.141,0.03922260659644214,4.205492585083584,25.212818935844293
9038.141,0.035849448286215835,4.205220436617939,25.212529059177406
9041.156,0.03644539783399453,4.2054823086743855,25.21402210019568
9044.219,0.03483617178692647,4.205628185835413,25.20795514774935
9047.219,0.03462421118190935,4.205587460068601,25.207815034960902
9050.219,0.035904612882682645,4.2055146803181005,25.209591507528845
9053.234,0.03493799345615154,4.205626640707022,25.20411909064246
9056.219,0.035837674883763035,4.205252848799875,25.206787434003463
9059.234,0.03667381664078746,4.205308214538613,25.207307373593665
9062.297,0.03497439223970582,4.205388432505392,25.21400984271748
9065.219,0.035746376796948684,4.205633104799007,25.213998987870042
9068.141,0.03588677050717044,4.205578752079565,25.220867235372644
9071.047,0.037172733320815186,4.205514659664364,25.212008216131068
9074.047,0.03474898156999868,4.205857254896404,25.217420823848848
9077.031,0.036511948366108556,4.205419124449498,25.209952869726507
9080.031,0.03348483272870372,4.205640351461365,25.204892859531903
9083.0,0.03261870933970726,4.205486838983544,25.2062663868253
9085.906,0.03348334192510176,4.205535003666639,25.210223823363748
9088.875,0.03529850622005728,4.2055752763135015,25.21018284280628
9091.906,0.03497330629931362,4.205861593621695,25.204886808011786
9094.828,0.03621372494699981,4.205539957286102,25.20421559434221
9097.797,0.03346478098178327,4.205640879291629,25.212160275039288
9100.719,0.03481638265088321,4.2052660327708775,25.206576274042625
9103.625,0.03460900004667642,4.205685675361532,25.212347599372563
9106.547,0.035560348259929715,4.204981542431306,25.211770406633157
9109.484,0.03813900645913107,4.205495637150185,25.20623186492092
9112.438,0.034566192574136526,4.205323030666318,25.202911214251717
9115.359,0.03545221277083019,4.205687203441791,25.20875671816989
9118.328,0.03779266920543997,4.205650011036589,25.2064492613785
9121.25,0.03783884279127811,4.205414362834825,25.204839568555048
9124.188,0.03331249830490689,4.205377845114298,25.20863917932254
9127.078,0.03318037658386799,4.205519017944924,25.206552306048756
9129.984,0.03329024287013091,4.205625556613137,25.20627073434704
9132.891,0.03281708102430311,4.205637955647769,25.20919408715447
9135.797,0.03672091134421009,4.205440664371315,25.208425524638933
9138.703,0.033827211181451315,4.205650285567124,25.21076692802072
9141.609,0.034462822582401666,4.205451770613887,25.21497055076823
9144.516,0.03531924114683207,4.2054064166981675,25.204192648644025
9147.422,0.03419739397188957,4.205639964251975,25.20889806616957
9150.328,0.03435825378931668,4.2054844469695185,25.210409752840864
9153.219,0.03922205109822634,4.205566204292475,25.2143645115316
9156.156,0.034674650187554716,4.205514085678354,25.215070494695045
9159.063,0.036698782807222476,4.205489329102558,25.214950838341803
9161.969,0.03331125491792247,4.205525260570275,25.215316266200016
9164.875,0.03538387245783834,4.205676905907484,25.206804329901132
9167.781,0.03464630727190895,4.2055716787792345,25.205315029900564
9170.688,0.03503598110729855,4.205731974768281,25.201446175038722
9173.594,0.03514107151268005,4.20570027212677,25.199934164649065
9176.484,0.037741871869532304,4.2058270413016565,25.198115717173128
9179.391,0.034811322383985904,4.205521463827838,25.19753326752989
9182.297,0.03091845374254614,4.205637595099571,25.19820084348946
9185.203,0.03418049500011247,4.205615601665579,25.20196798376129
9188.141,0.035835945668878696,4.205748303475834,25.199278317793038
9191.047,0.035862703065956104,4.2056320191900705,25.203871093345136
9193.953,0.03588131021865398,4.205691001337883,25.19826479842983
9196.844,0.0356213847153398,4.205830299712241,25.21029964884178
9199.75,0.03597918368350462,4.205717286993043,25.20938049907139
9202.656,0.03419052689306454,4.20554003940356,25.195281481597217
9205.578,0.033965854981195816,4.2055087282305355,25.194852335702947
9208.484,0.03352206639141849,4.20576538648516,25.198157321197133
9211.391,0.035192174355735954,4.2056773135058165,25.194569054460178
9214.297,0.036787430183750226,4.205688050494972,25.198064693728167
9217.203,0.03345454818928049,4.2058417831677435,25.20232678330649
9220.109,0.03862083489762875,4.205576455044158,25.203601318233538
9223.016,0.034111486752406536,4.205707653274052,25.201479936005377
9225.922,0.03399201198372172,4.2058001148152195,25.198664603017306
9228.828,0.03450420733690624,4.205728755962455,25.207791615301993
9231.734,0.03327024486879314,4.205783109970208,25.20108749434396
9234.641,0.03596740663699685,4.205735171925998,25.196255552551584
9237.547,0.03428097061036437,4.2058104482371,25.196272905595766
9240.453,0.03301424579405062,4.205664707697993,25.200962940121993
9243.344,0.033920254267595894,4.205801049658893,25.199303705967804
9246.25,0.036439930965641104,4.205717121921958,25.19738561712998
9249.156,0.03735783443898018,4.205836753038862,25.212201536430644
9252.063,0.0351363792848193,4.205677141497138,25.20291673510074
9254.984,0.03537379224438781,4.205798402661159,25.207447292629805
9257.891,0.03505002776332667,4.205720808397404,25.198075415858277
9260.797,0.03454945570555378,4.205412092505149,25.202437799124283
9263.703,0.036517303051261725,4.205854942830518,25.19091068882616
9266.594,0.038180030201972165,4.205806821732347,25.198325728019867
9269.5,0.033985547473692874,4.205728087282463,25.19494595679356
9272.406,0.03145620564739101,4.205957480242057,25.191543989845233
9275.313,0.0343805597983015,4.206118404754223,25.19300644144547
9278.219,0.03439450444336141,4.205873167553337,25.190611649199003
9281.125,0.0332458746073612,4.205758538212756,25.202473565348384
9284.031,0.03537604087926117,4.205901687520243,25.19686512935483
9286.938,0.03771691079298364,4.205736720582088,25.19774072206168
9289.844,0.03677289466151455,4.205682071686315,25.19662191529428
9292.75,0.035414438659303216,4.205782908026936,25.19088505537467
9295.656,0.03343096562086721,4.205855516221795,25.191029956576987
9298.563,0.0350005626361042,4.206110482656504,25.189617022012225
9301.469,0.033583633449851324,4.206040872962478,25.190855680798244
9304.375,0.03346432246570397,4.205984106654604,25.199705465616717
9307.281,0.035775123009101954,4.205916110178927,25.201426745495983
9310.188,0.03524034486142971,4.20614197942928,25.192556590024434
9313.094,0.03413026627169385,4.205958541894872,25.197482454902023
9315.984,0.03647928652459884,4.205976824354491,25.197991354906332
9318.906,0.03551154569105771,4.20589374649329,25.19236777702912
9321.813,0.03295661909695658,4.20583933765483,25.196902476199433
9324.719,0.03586388065249629,4.205990878768966,25.200711250987244
9327.609,0.03268158360940469,4.205910831038997,25.198281917088693
9330.516,0.03782148246716251,4.205964293854613,25.196308888893434
9333.422,0.03470312200282414,4.205933504068595,25.194943052791068
9336.328,0.03378246847750006,4.205950214626124,25.1924801715565
9339.234,0.03380950419582178,4.205928859660355,25.19015979362192
9342.141,0.03712992571935343,4.205620786685936,25.190574263188854
9345.047,0.0335811152174828,4.2061415690821535,25.19782096198396
9347.938,0.031496385572016374,4.205930846031193,25.195904519672247
9350.859,0.03223624541328987,4.206169645458105,25.191772287226293
9353.766,0.032548179222375954,4.20604400960175,25.18788792246933
9356.672,0.03556591640239645,4.205914866002737,25.193204011876546
9359.578,0.03531502145818342,4.2060144059397615,25.196030814019938
9362.484,0.03579967222339961,4.205855954812886,25.197867556083626
9365.391,0.035784860473930404,4.205962434307612,25.193492234814048
9368.297,0.035443559196638316,4.206033940099375,25.188748295977774
9371.188,0.03346624775087755,4.206252677840492,25.19475627068308
9374.094,0.035763544690358424,4.205882837438028,25.19278277430483
9377.0,0.03558663683188774,4.206231861359829,25.193963060785517
9379.906,0.0357043973408416,4.205914212504781,25.184119732629497
9382.828,0.03395762515325577,4.205946284002528,25.182107686658934
9385.734,0.03328951053733636,4.206229981908552,25.179861709661157
9388.641,0.03481182219854676,4.205914447890093,25.179515792517314
9391.547,0.03495455291016841,4.20608391660076,25.185083043120677
9394.453,0.03454041258486374,4.206026541743988,25.181623137355512
9397.344,0.03251114629908676,4.206150508670228,25.17992361011344
9400.25,0.03542225128026079,4.205874545820878,25.173419013396803
9403.109,0.03452783024442528,4.206039810844801,25.17361973132738
9405.953,0.03445423212528831,4.206123994455529,25.184139848255935
9408.844,0.030350205193593657,4.206174796343025,25.172593667567767
9411.734,0.03652161430714864,4.205953581845614,25.18214876064169
9414.641,0.03407392830244047,4.206031055181436,25.180403217667273
9417.516,0.03347538128263434,4.205952128661359,25.182868425774306
9420.391,0.03381352268409828,4.206147328107701,25.180182106026706
9423.281,0.03192268820937867,4.206120969877358,25.182544631389135
9426.156,0.03782420108369055,4.206076185399294,25.17668607714722
9429.047,0.032971210764574425,4.206021153066573,25.18156501427396
9431.922,0.03397630916935686,4.20609533337183,25.175704493837205
9434.797,0.03174735310677459,4.206119383655858,25.18035271244842
9437.672,0.035909760560249755,4.20613924176376,25.178334173832635
9440.563,0.0339710891565694,4.20601354909299,25.179673204578066
9443.438,0.036422937145841924,4.206075070968924,25.178255752166827
9446.344,0.03570783416130587,4.206209172636721,25.179549850479322
9449.219,0.03523126693014646,4.206325104126685,25.177096348337866
9452.109,0.03194202963515746,4.206016752732021,25.181063484680344
9454.984,0.03204381375832593,4.206281865971703,25.18319901446052
9457.875,0.03338478893616825,4.206243966936066,25.181353989943144
9460.75,0.034280834479748376,4.206162568194753,25.17811776498709
9463.641,0.03504547132926066,4.20601967963906,25.179255254619513
9466.516,0.03466158178455227,4.206118065131704,25.174781565280345
9469.391,0.031676158324809765,4.20619936551961,25.17376725072859
9472.281,0.03410646276399794,4.206253934129964,25.1703012405111
9475.172,0.03333692665231355,4.206249454274309,25.1735674785645
9478.078,0.03275207132533918,4.206276087256634,25.1767785935698
9480.969,0.024257043452773106,4.206146349063549,25.16720984555584
9483.844,0.032147456234914405,4.206094346301936,25.17416433915029
9486.734,0.030140266516285073,4.206218657608407,25.16414018491425
9489.609,0.034086507164067574,4.20609272941397,25.170828634091013
9492.5,0.03692896524435275,4.205542077846706,25.172965747700562
9495.375,0.0336930298051464,4.206265692645383,25.174670651328082
9498.266,0.029823790853489147,4.206246643503286,25.17289837757931
9501.156,0.03196318669333782,4.206327074183367,25.1669193483292
9504.031,0.032633206301141394,4.206177170209581,25.172376128259938
9506.922,0.03306256367715235,4.206434321013786,25.174600397812753
9509.797,0.03313941676479294,4.206441640221484,25.17271781102286
9512.688,0.030036711956629984,4.206639132034532,25.17414812835071
9515.578,0.032688534346092285,4.206388601924412,25.17418027816101
9518.422,0.037009974227887085,4.205955483884248,25.180673392724035
9521.266,0.03284682085910985,4.206189947012358,25.16818217689971
9524.125,0.033784522939525524,4.206197098511074,25.176502516927474
9527.0,0.03495306190810558,4.206265607786779,25.17378823586088
9529.891,0.031113222761627393,4.206332792901202,25.174875762769982
9532.781,0.035870968471142836,4.206276049172867,25.168364871385034
9535.656,0.034159067406187245,4.20648729199637,25.168955562199347
9538.547,0.03357881958538666,4.206296757301244,25.17210127532826
9541.422,0.03593511206620641,4.206389044939371,25.16353133416833
9544.313,0.03690422337686359,4.206336823573971,25.172702616438873
9547.203,0.036148572935307245,4.206562495819404,25.177772446520876
9550.047,0.03728196899333979,4.206394522064563,25.17373957438204
9552.906,0.034580993541498385,4.206207393354118,25.1758427331599
9555.75,0.03525048348273406,4.2062834300922125,25.16835564564779
9558.641,0.03592271619482353,4.206571847820362,25.1790426233995
9561.531,0.032113379123724244,4.206483574456489,25.170935319233013
9564.406,0.03892332605116985,4.206725668914047,25.171630012744245
9567.297,0.03430872734956928,4.206223769602034,25.173676577462405
9570.172,0.03438026240068652,4.206395343807691,25.175093592119527
9573.063,0.030846781079790178,4.206185224145414,25.17336598078631
9575.938,0.035663788906159614,4.206205363273418,25.162222098499775
9578.844,0.033049673903291166,4.206332718259846,25.16414823004863
9581.688,0.03603431323916189,4.206437014019429,25.164462871726833
9584.531,0.04090504425782995,4.206415643097624,25.174058904457226
9587.391,0.03232735135270061,4.206222425319417,25.16154556995244
9590.266,0.040189587708438224,4.205925702387676,25.15610290213896
9593.156,0.03616392142260958,4.20635858718046,25.16745877820904
9596.031,0.03299733331645836,4.206384765372736,25.16540216629303
9598.906,0.035246584514302945,4.206512639986653,25.164917276802505
9601.781,0.03175021165292,4.206387703767492,25.161115849844784
9604.672,0.037904947338002974,4.206431433518017,25.164733624887614
9607.547,0.03299577878443524,4.206210821255028,25.155830161601934
9610.438,0.03240400163824275,4.2064554068232205,25.163503757110234
9613.328,0.030484376465868265,4.206594735279403,25.16012171781509
9616.172,0.040708644586481726,4.206804290507232,25.159131032925536
9619.031,0.04173072533597252,4.206332308161982,25.165793876307944
9621.875,0.030379273115473535,4.206759378839663,25.15727644673426
9624.75,0.030078799641986245,4.2064063755853915,25.162599127129386
9627.641,0.034407406265905396,4.206551553904268,25.160152113120404
9630.531,0.034316846559785966,4.206555451092252,25.155377611214167
9633.406,0.03711121012656226,4.206423285302271,25.156014631820735
9636.297000000006,0.032916635096753265,4.206475403607096,25.16398413996927
9639.202999999994,0.03394085124914494,4.206676363862996,25.157684195658693
9642.077999999994,0.032943247381078705,4.206465846669565,25.155059121411863
9644.968999999997,0.03422663060155642,4.206534495474891,25.15755117299172
9647.858999999997,0.03194565461391732,4.206603122728524,25.156560984113085
9650.733999999997,0.03275811902872713,4.206604885079987,25.154702056950438
9653.608999999997,0.034575532404421794,4.206403281052255,25.157550128376542
9656.483999999997,0.034008104104723075,4.206502506925526,25.157422954537118
9659.375,0.03239290905874964,4.206519633061232,25.16630296854706
9662.25,0.03396845006399648,4.206239540122093,25.159607360241036
9665.141000000003,0.030962951355960045,4.206741434700285,25.158321685287017
9668.016000000003,0.031612786089978404,4.20642088902267,25.160981028978565
9670.906000000003,0.035852853158358476,4.206712911607653,25.15802898070491
9673.781000000003,0.03610850241811359,4.206572139723809,25.15461749425023
9676.687999999995,0.037669286534229296,4.206485956056738,25.155963241658657
9679.531000000003,0.033027861529820644,4.206439963426141,25.154695954766236
9682.391000000003,0.03559197257259928,4.206346836672642,25.156314978206836
9685.233999999997,0.02883739675094883,4.206669410380648,25.15709889876938
9688.125,0.03240952103214237,4.206467686101567,25.159829929034288
9691.0,0.033280007765909184,4.206519941705705,25.163387132041308
9693.891000000003,0.03100699866428,4.206570257997273,25.154926646850765
9696.766000000003,0.03280748886054458,4.206498748805442,25.161910165723782
9699.656000000003,0.03199096325372171,4.206688926164321,25.159119951522676
9702.531000000003,0.030678440980656953,4.206508514041506,25.1487418428367
9705.422000000006,0.03331451265954444,4.206476202857077,25.1498444749797
9708.312999999995,0.0311250071118282,4.20668991272655,25.156104170447634
9711.156000000003,0.0353793626540797,4.206547661910952,25.146572529680537
9714.016000000003,0.032722018775337564,4.206777966772255,25.14958520236359
9716.875,0.033080082390415294,4.206655333943033,25.15251871163013
9719.75,0.03444774509053995,4.206703409076638,25.15432215236436
9722.641000000003,0.03395237361595931,4.20689613916763,25.14473016797922
9725.516000000003,0.03351121910710474,4.206205451012675,25.147029678280408
9728.406000000003,0.03509354689809988,4.206346169628221,25.151036408995775
9731.281000000003,0.03439630298103989,4.206892857299353,25.15404541740989
9734.156000000003,0.03684385616015235,4.206650393404366,25.154189451627904
9737.047000000006,0.03107995434169635,4.20674074384505,25.14781205441731
9739.937999999995,0.03440461522602631,4.206674358009893,25.15045607060748
9742.781000000003,0.03346966581218729,4.206617631683749,25.144649950700835
9745.641000000003,0.03427545387241768,4.206777398802915,25.151087819672245
9748.483999999997,0.034165086104096375,4.206754704017555,25.152001287314565
9751.375,0.034968977022823394,4.2066619283144835,25.149170675553435
9754.25,0.031577615169030286,4.206844406367856,25.15200077443394
9757.141000000003,0.03551376802062945,4.206795174108655,25.158420851797242
9760.031000000003,0.03116629022107133,4.207105205111347,25.14751415339518
9762.906000000003,0.03104093080538708,4.206620035798363,25.14579688901943
9765.797000000006,0.03661026208741242,4.2064601946125375,25.151162694930214
9768.687999999995,0.025639658035668512,4.206898171487842,25.15109391785285
9771.562999999995,0.030082039257808835,4.206452505398744,25.146268531871556
9774.468999999997,0.031062477357024557,4.206546312064255,25.147301913048793
9777.297000000006,0.03125372029603324,4.206872728941868,25.151338785596884
9780.156000000003,0.028526020192969417,4.206645718468245,25.152702584610267
9783.0,0.0325415197349696,4.206600108890283,25.14252437402586
9785.891000000003,0.034132444244898016,4.206720259982761,25.14705823944247
9788.766000000003,0.03474037055170409,4.206753683694528,25.14451271979316
9791.656000000003,0.031181983486042383,4.206693778828417,25.14180721424786
9794.531000000003,0.033893618887863644,4.206794844290822,25.14464939323431
9797.422000000006,0.027974423706627467,4.2068005083892235,25.13773049739733
9800.25,0.027650769094788433,4.206791514275114,25.142915977764016
9803.031000000003,0.031086006142465466,4.206736971790036,25.146115516773598
9805.812999999995,0.031937535831448004,4.206814509497214,25.146368444593396
9808.593999999997,0.031837344444593185,4.206821805437554,25.153210339795077
9811.391000000003,0.034481140323487536,4.206812903124325,25.157517823720024
9814.187999999995,0.033556395406385005,4.2071260333298826,25.150738615783812
9816.983999999997,0.03127301675533398,4.206938543616925,25.144892266881644
9819.781000000003,0.030431182907900152,4.206860643205175,25.135195859086377
9822.577999999994,0.024881770334524204,4.20678573506934,25.14198647762492
9825.358999999997,0.032323038459729246,4.206753184428338,25.13880196074431
9828.156000000003,0.031047106227099764,4.2068290867906395,25.146936439290275
9830.952999999994,0.02988482102279761,4.206914589207613,25.14686239761793
9833.733999999997,0.03251001598510937,4.206812094467333,25.145056232126706
9836.516000000003,0.02924491307764168,4.207161757963745,25.141638056066046
9839.312999999995,0.03303382992447641,4.20694382165183,25.142051048728927
9842.093999999997,0.033653970286102244,4.207089590829209,25.144492047807393
9844.906000000003,0.03335978709594113,4.206931514004861,25.13953371307448
9847.687999999995,0.03300007341944633,4.206985363385778,25.143636050529228
9850.483999999997,0.03262671364902167,4.2071756996757514,25.144833147673406
9853.281000000003,0.03068397756467805,4.206776009128512,25.13643917871771
9856.062999999995,0.03263634282478599,4.206754118007279,25.134532944266414
9858.858999999997,0.030593525144742114,4.206694771180495,25.139830220917045
9861.656000000003,0.03267555556043688,4.207122128094636,25.137378562254895
9864.452999999994,0.03261650662620991,4.206980083777797,25.13674489433605
9867.233999999997,0.032522445332027194,4.206958323556573,25.141841939434265
9870.016000000003,0.028099980638746854,4.206939982455079,25.13514947430302
9872.812999999995,0.028915666356133282,4.207229482707142,25.139958967071998
9875.608999999997,0.03334609632511279,4.20722400598066,25.134882487379752
9878.391000000003,0.03258020933285504,4.207005768453542,25.13710626679838
9881.187999999995,0.033652954748306034,4.207350230209263,25.129708652753628
9884.0,0.0359234407900112,4.206878432447309,25.134166606575903
9886.781000000003,0.03266341456271995,4.206793646941843,25.13480730524422
9889.577999999994,0.03514726164136111,4.207174769115827,25.127353194387247
9892.375,0.02791805725747119,4.207002526939681,25.13300894104107
9895.156000000003,0.03629380246152253,4.206612939617455,25.139390638088432
9897.952999999994,0.032612120957946425,4.20707547071229,25.13940363070517
9900.733999999997,0.03462850728608912,4.207169937785047,25.14525217028783
9903.531000000003,0.031512319202573844,4.20708329440075,25.134622075838116
9906.327999999994,0.03195339967656934,4.206874072483143,25.134300145428274
9909.125,0.02792643644129808,4.207229061854168,25.137468515249
9911.922000000006,0.03281602809814763,4.207175912783587,25.131112939409398
9914.718999999997,0.027788138440190208,4.207292332185895,25.13651020318741
9917.5,0.03036130599289704,4.206951267119583,25.131473796647764
9920.297000000006,0.03238957774767705,4.207166919818966,25.13704686086103
9923.093999999997,0.0314723555114161,4.20721208965813,25.134405347774994
9925.891000000003,0.03219617867354106,4.207313378611044,25.136501804805437
9928.687999999995,0.03158609424032922,4.206905774036537,25.141642965325413
9931.5,0.0331574870104229,4.20728844653325,25.131167649322713
9934.281000000003,0.03224021381994599,4.206907582569967,25.12920044001012
9937.077999999994,0.029786206735940544,4.206986676783007,25.128294698067535
9939.875,0.0303416533000998,4.207253032797731,25.13484405167699
9942.656000000003,0.03032155029089946,4.207303066297056,25.130794383980287
9945.452999999994,0.031273322271008396,4.20719284648231,25.129859100180543
9948.25,0.03039417809181561,4.207154169902575,25.13111125609359
9951.031000000003,0.029098289921608057,4.2070694960766595,25.127004854627522
9953.827999999994,0.030300457931918132,4.207306653720683,25.140925809559707
9956.641000000003,0.0321388692599281,4.206939992590885,25.126852169615898
9959.422000000006,0.029193200939427764,4.20741368426124,25.130397262723417
9962.233999999997,0.029456991377575847,4.207211267357099,25.124020057053635
9965.047000000006,0.032821950188925496,4.207519988774704,25.125785899266187
9967.827999999994,0.03512484650981149,4.207377358242772,25.127901340448116
9970.625,0.0331082897481546,4.207018776275377,25.134815493861225
9973.422000000006,0.028478284565130588,4.2072901537470475,25.12779291814649
9976.202999999994,0.03363032786728159,4.207284640973605,25.132118262406184
9979.0,0.0321271663076403,4.206955699372065,25.13233478168074
9981.797000000006,0.029848889520606464,4.207359971612029,25.14185673082571
9984.577999999994,0.03174174233137073,4.207171571273876,25.14010322043391
9987.375,0.03026962828630429,4.207229003473738,25.129518844710596
9990.187999999995,0.03125260203315862,4.2072456152404945,25.128664071876532
9992.968999999997,0.03105467856844396,4.207110871201169,25.123458478831967
9995.75,0.0287206019979253,4.207256379561726,25.13208793764609
9998.531000000003,0.029818015642842977,4.207308885336168,25.123173677302912
10001.327999999994,0.03314653900504941,4.2072641184052735,25.123263498670227
10004.125,0.031801084828076844,4.207210509628879,25.12569138722047
10006.906000000003,0.03346319070426717,4.207405124727511,25.130024399718767
10009.702999999994,0.032740284599479814,4.207265815846847,25.120398405406217
10012.5,0.03177164177484558,4.207260983526989,25.122396266099734
10015.297000000006,0.029656960468289126,4.2076111385249035,25.12913679111918
10018.108999999997,0.0230116614575805,4.2063885415512985,25.12383500820594
10020.906000000003,0.022889380015409473,4.2066213420978915,25.12168459851115
10023.718999999997,0.012962566570508973,4.2055037540798175,25.125023305321367
10026.5,0.0026588162533504635,4.203092169410648,25.119944758479146
10029.218999999997,-0.002963819159496395,4.203305826348152,25.12621688416616
10031.952999999994,-0.002631693735725459,4.203864774112372,25.12987252289852
10034.672000000006,-0.003157470353756073,4.203865521082229,25.124811028405063
10037.391000000003,-0.0015893753018890078,4.203914156367277,25.132411587294776
10040.108999999997,-0.002872498291562641,4.203797882876125,25.131180911972045
10042.843999999997,-0.004113843177935707,4.204577597696362,25.123170758743505
10045.562999999995,-7.91144664119366e-05,4.203747680612711,25.126719678427463
10048.297000000006,-0.002709821944541978,4.203774388068964,25.13120935446344
10051.016000000003,-0.003468681775637637,4.203833556891415,25.125754735097964
10053.733999999997,-0.004183167572854868,4.203705413105738,25.120133847400943
10056.452999999994,0.004277083506787166,4.203153605012267,25.134139024761772
10059.172000000006,-0.00247970022806209,4.203698689642532,25.128154733618334
10061.891000000003,-0.0011652609959457204,4.203465536855182,25.119039641870298
10064.625,-0.0010690010849235905,4.20350276111264,25.128963499554175
10067.343999999997,-0.00014065902086663905,4.203589461686216,25.135687826823734
10070.077999999994,-0.004646955236709519,4.2034782612250545,25.134505892004047
10072.797000000006,-0.003076130340964976,4.203573864594875,25.129316992519424
10075.516000000003,-0.0037566197612183163,4.203508742756254,25.13224636553875
10078.233999999997,-0.002188725483735176,4.203393674600979,25.125186603105202
10080.952999999994,-0.0008834337085410507,4.203314461244595,25.125600545569487
10083.672000000006,0.00249832586861687,4.202919138234941,25.125762932995265
10086.406000000003,-0.002059228146914041,4.203283256510449,25.132999135600958
10089.125,-0.00524840937784936,4.203155181005357,25.126328404491456
10091.858999999997,0.0015228642024488629,4.203248153886474,25.122821214552864
10094.562999999995,-0.002472652724946304,4.2031503581499114,25.126675588674924
10097.297000000006,0.0017983974380666634,4.202994406009381,25.124801746294374
10100.016000000003,-0.0016504351318321114,4.203187021790305,25.128889662789213
10102.733999999997,9.841874546083257e-05,4.2027539948044526,25.128727557891253
10105.452999999994,0.0005078982795944831,4.203057428080862,25.12453504118033
10108.187999999995,-0.003102253414903134,4.202872245909437,25.123468639619595
10110.906000000003,-0.0006967646402739383,4.203062279238819,25.123455324639668
10113.625,-0.0027175427490171893,4.203161791777879,25.128031232175292
10116.343999999997,-0.0019890221724508913,4.203113946292087,25.129768197810797
10119.077999999994,0.0014351863585536921,4.203191166901218,25.123024353308264
10121.797000000006,-0.0026364831319728166,4.202959120643619,25.127421433592403
10124.531000000003,-0.0013834047810339025,4.202987510086492,25.126137433746003
10127.25,-0.00031734827513029703,4.202908946919034,25.12688022174947
10129.968999999997,-0.0063354828477543805,4.202265401388915,25.121316909535114
10132.687999999995,-0.0023703572754460774,4.202894588997221,25.13088861499345
10135.422000000006,-0.0018623191012302443,4.202714464204425,25.132557975030913
10138.141000000003,0.0010164619581542378,4.2026145855284875,25.131603909153334
10140.858999999997,-0.0012056725946243628,4.202712483334685,25.125174747743483
